variant,model_seed,episode,cost,rolling_cost,immediate_cost,penalty,energy_use,latency_ms,thermal_violation,energy_violation,queue_violation,contact_violation,epsilon,loss,td_loss,auxiliary_loss
standard_dqn,819,0,114.77258965495983,114.77258965495983,38.11424466967583,76.6583451044933,1.7237367210909724,22679.978839874268,0.0,32.0,8.0,0.0,0.9954761904761905,,,
standard_dqn,819,1,165.95167648743077,140.3621330711953,42.998942628502846,122.9527340973465,1.9368832102045417,26345.194206237793,0.0,35.0,17.0,1.0,0.9909523809523809,1.7130184173583984,1.7130184173583984,0.0
standard_dqn,819,2,176.93558998357983,152.5532853753235,49.51484543085098,127.42074437391486,1.961866781115532,28494.74429321289,0.0,39.0,24.0,2.0,0.9864285714285714,1.5796744152903557,1.5796744152903557,0.0
standard_dqn,819,3,133.42014458799235,147.7700001784907,42.77797119319439,90.64217363321654,1.8775767302140594,25275.914222717285,0.0,37.0,19.0,0.0,0.981904761904762,1.5770041644573212,1.5770041644573212,0.0
standard_dqn,819,4,216.48549351953753,161.51309884670007,49.72198370844126,166.7635097216893,1.9970440035685897,29125.176677703857,0.0,38.0,36.0,2.0,0.9773809523809524,1.3558111786842346,1.3558111786842346,0.0
standard_dqn,819,5,102.78922951370478,151.72578729120085,38.813469998538494,63.97575929164886,1.666816514916718,22470.655281066895,0.0,29.0,0.0,1.0,0.9728571428571429,1.191063478589058,1.191063478589058,0.0
standard_dqn,819,6,99.54679314792156,144.27164527073236,37.004378989338875,62.542414367198944,1.6384791461750865,21341.63334274292,0.0,28.0,0.0,1.0,0.9683333333333334,1.0119885094463825,1.0119885094463825,0.0
standard_dqn,819,7,157.54560159188446,145.9308898108764,45.59852568805218,111.94707620185548,1.9033552454784513,27173.98268890381,0.0,31.0,19.0,4.0,0.9638095238095238,1.0113444365561008,1.0113444365561008,0.0
standard_dqn,819,8,151.05396343804253,146.50012021389486,44.74227225780487,106.3116909716214,1.90385933034122,26884.070114135742,0.0,35.0,24.0,0.0,0.9592857142857143,1.1306302547454834,1.1306302547454834,0.0
standard_dqn,819,9,151.76321236809625,147.026429429315,43.56680452823639,108.19640815278422,1.8638352798298001,26468.134284973145,0.0,33.0,18.0,1.0,0.9547619047619048,0.9178241640329361,0.9178241640329361,0.0
standard_dqn,819,10,175.8255051267853,149.64452721999413,44.69926659762859,131.12623843974976,1.9241983788087964,26644.71963119507,0.0,36.0,30.0,2.0,0.9502380952380952,0.741935558617115,0.741935558617115,0.0
standard_dqn,819,11,109.27663252651692,146.2805359955377,39.37415173649788,69.90248049199582,1.6978302607312799,22504.074829101562,0.0,29.0,0.0,1.0,0.9457142857142857,0.5877647120505571,0.5877647120505571,0.0
standard_dqn,819,12,116.44905721247196,143.9858068583788,40.54419615864754,75.90486099421977,1.7814262118190527,23467.26005935669,0.0,32.0,0.0,4.0,0.9411904761904761,0.446230860427022,0.446230860427022,0.0
standard_dqn,819,13,106.50043237358332,141.30828010946485,37.86570508033037,68.63472765088082,1.6442721411585808,21276.87557220459,0.0,29.0,0.0,3.0,0.9366666666666666,0.3698784355074167,0.3698784355074167,0.0
standard_dqn,819,14,170.20013207746547,143.2344035739982,41.87141463160515,128.32871735645332,1.9222524976357818,25301.075881958008,0.0,39.0,34.0,0.0,0.9321428571428572,0.35988591983914375,0.35988591983914375,0.0
standard_dqn,819,15,181.75433767137636,145.64189945508434,44.24708268791437,137.50725456622948,1.9173440486192703,26761.796852111816,0.0,35.0,23.0,2.0,0.9276190476190476,0.7069972828030586,0.7069972828030586,0.0
standard_dqn,819,16,119.60045093297958,144.11004954201937,42.47253638505936,77.12791457772255,1.7702016802504659,24128.021518707275,0.0,32.0,0.0,1.0,0.9230952380952381,0.8039498925209045,0.8039498925209045,0.0
standard_dqn,819,17,111.88623652607203,142.31983770780005,39.38945432752371,72.49678261578083,1.7695418344810605,23354.860622406006,0.0,31.0,0.0,1.0,0.9185714285714286,0.5373088177293539,0.5373088177293539,0.0
standard_dqn,819,18,152.64669713003303,142.8633566247597,42.18357336521149,110.46312372011809,1.8764747148379683,25350.111598968506,0.0,35.0,22.0,1.0,0.914047619047619,0.37617509067058563,0.37617509067058563,0.0
standard_dqn,819,19,136.42149715661557,142.5412636513525,45.21136450767517,91.2101328724578,1.8532762210816145,26176.269744873047,0.0,36.0,15.0,2.0,0.9095238095238095,0.3780288305133581,0.3780288305133581,0.0
standard_dqn,819,20,158.00090574595419,144.7026794559022,44.04421637952328,113.95668991777389,1.9681555451825261,26799.57375717163,0.0,33.0,19.0,1.0,0.905,0.32144162338227034,0.32144162338227034,0.0
standard_dqn,819,21,108.26947640627623,141.81856945184447,37.66949451714754,70.59998215734959,1.677714810706675,21897.80718231201,0.0,30.0,0.0,1.0,0.9004761904761904,0.30536744836717844,0.30536744836717844,0.0
standard_dqn,819,22,135.17065721001137,139.73032281316608,42.03639481961727,93.13426201786505,1.8234505522996187,24499.9185256958,0.0,39.0,8.0,1.0,0.895952380952381,0.261997458525002,0.261997458525002,0.0
standard_dqn,819,23,140.06953845184395,140.06279250635862,43.86966469883919,96.19987372320247,1.8401480168104172,25340.057319641113,0.0,33.0,18.0,0.0,0.8914285714285715,0.6887604836374521,0.6887604836374521,0.0
standard_dqn,819,24,120.52990584075451,135.26501312241948,41.91262112557888,78.61728540062904,1.7714986307546496,24362.072874069214,0.0,33.0,0.0,0.0,0.8869047619047619,0.6295064222067595,0.6295064222067595,0.0
standard_dqn,819,25,107.64694584906101,135.5078989391873,39.3522924631834,68.29465249180794,1.7161410907283425,22909.68306541443,0.0,30.0,0.0,0.0,0.8823809523809524,0.37429114058613777,0.37429114058613777,0.0
standard_dqn,819,26,116.04584677517414,136.3328516205499,39.58845740556717,76.45738935470581,1.689353403635323,22585.482223510742,0.0,31.0,0.0,1.0,0.8778571428571429,0.3971346216276288,0.3971346216276288,0.0
standard_dqn,819,27,147.70032202370487,135.84058764214092,42.71272097527981,104.98760107822737,1.8995078410953283,25528.424034118652,0.0,37.0,18.0,0.0,0.8733333333333333,0.372813293710351,0.372813293710351,0.0
standard_dqn,819,28,120.80230262279511,134.32800460137855,40.42057943344116,80.38172208666802,1.7471567122265697,22969.384746551514,0.0,35.0,0.0,1.0,0.8688095238095238,0.33474336937069893,0.33474336937069893,0.0
standard_dqn,819,29,112.53780780136586,132.36673437304202,39.161790668964386,73.37601784765721,1.7615594370290637,22923.74422454834,0.0,32.0,0.0,2.0,0.8642857142857143,0.29944430477917194,0.29944430477917194,0.0
standard_dqn,819,30,113.17656138539314,129.23428718597242,36.957743525505066,76.2188178896904,1.7572759613394737,21742.29709625244,0.0,33.0,0.0,1.0,0.8597619047619047,0.2927323831245303,0.2927323831245303,0.0
standard_dqn,819,31,95.62967240065336,128.55193917967927,35.56398691982031,60.065685495734215,1.6269141659140587,20682.83204269409,0.0,28.0,0.0,0.0,0.8552380952380952,0.7948660645633936,0.7948660645633936,0.0
standard_dqn,819,32,151.69511497724696,130.31424206791803,42.9663378149271,108.7287766258781,1.9658886287361383,25952.452949523926,0.0,36.0,12.0,1.0,0.8507142857142858,0.48833208717405796,0.48833208717405796,0.0
standard_dqn,819,33,119.86796462535858,130.9826186805068,45.078999280929565,74.78896526992321,1.8111699065193534,25799.13352203369,0.0,31.0,0.0,1.0,0.8461904761904762,0.4653734154999256,0.4653734154999256,0.0
standard_dqn,819,34,110.9424583554268,128.01973499440484,35.40185035765171,75.5406071484089,1.7415896775200963,21395.76156616211,0.0,32.0,0.0,2.0,0.8416666666666667,0.401627573184669,0.401627573184669,0.0
standard_dqn,819,35,108.94246673583984,124.37914144762802,41.52719357609749,67.4152734130621,1.8015787191689014,24559.633712768555,0.0,29.0,0.0,0.0,0.8371428571428572,0.383635688573122,0.383635688573122,0.0
standard_dqn,819,36,122.00560455918313,124.4993991289382,43.400293961167336,78.60531073212624,1.8316771872341633,25264.900939941406,0.0,32.0,0.0,1.0,0.8326190476190476,0.33590615168213844,0.33590615168213844,0.0
standard_dqn,819,37,109.6126249730587,124.38571855128752,41.14405977725983,68.46856591105461,1.7076601786538959,23287.98123550415,0.0,29.0,0.0,1.0,0.8280952380952381,0.4267919147387147,0.4267919147387147,0.0
standard_dqn,819,38,112.3587943032384,122.37132340994779,40.90744089335203,71.45135330557824,1.7152669476345181,23426.978330612183,0.0,31.0,0.0,1.0,0.8235714285714286,0.3646930269896984,0.3646930269896984,0.0
standard_dqn,819,39,113.93048478662968,121.24677279144848,40.01665835082531,73.91382762789726,1.6857648100703955,22735.49407196045,0.0,31.0,0.0,0.0,0.819047619047619,0.8340488187968731,0.8340488187968731,0.0
standard_dqn,819,40,98.19447092711926,118.25645105050674,35.655603259801865,62.53886736929417,1.6932065356522799,21223.082328796387,0.0,28.0,0.0,2.0,0.8145238095238095,0.5875380113720894,0.5875380113720894,0.0
standard_dqn,819,41,115.57713669538498,118.6218340649622,39.973314076662064,75.60382238030434,1.8478011451661587,24020.6512298584,0.0,30.0,0.0,0.0,0.81,0.42897659353911877,0.42897659353911877,0.0
standard_dqn,819,42,160.3493633729051,119.88076937310686,41.43276536464691,118.9165980082582,1.858468479476869,24358.5191116333,0.0,37.0,33.0,1.0,0.8054761904761905,0.40511498413980007,0.40511498413980007,0.0
standard_dqn,819,43,99.38129375874996,117.84635713845216,35.800068475306034,63.58122566342354,1.6638196520507336,20732.25493621826,0.0,27.0,0.0,0.0,0.800952380952381,0.3753494322299957,0.3753494322299957,0.0
standard_dqn,819,44,131.03848859266282,118.37178627604757,40.66383472084999,90.37465369299889,1.8556341417133808,24419.64458465576,0.0,37.0,3.0,1.0,0.7964285714285715,0.4539899695664644,0.4539899695664644,0.0
standard_dqn,819,45,137.97636794328076,119.88825738075859,44.94611047953367,93.03025794058422,1.8650888381525874,26529.659912109375,0.0,35.0,10.0,0.0,0.7919047619047619,0.4585563912987709,0.4585563912987709,0.0
standard_dqn,819,46,110.00673443973065,119.5863017639864,36.54716059565544,73.45957388877869,1.6685169283300638,21107.64849472046,0.0,33.0,0.0,1.0,0.7873809523809524,0.4956085355952382,0.4956085355952382,0.0
standard_dqn,819,47,120.70703864842653,118.23663759522249,42.45076648145914,78.25627213716507,1.7815306717529893,24186.119094848633,0.0,32.0,0.0,0.0,0.7828571428571429,0.8087651468813419,0.8087651468813419,0.0
standard_dqn,819,48,106.60637803375721,117.5268413657706,38.70130077004433,67.90507765114307,1.6934719663113356,22227.79634475708,0.0,30.0,0.0,0.0,0.7783333333333333,0.5484609361737967,0.5484609361737967,0.0
standard_dqn,819,49,120.894506752491,117.94467631332684,40.04316534101963,80.85134136676788,1.7071928260847926,22674.678436279297,0.0,34.0,0.0,0.0,0.7738095238095238,0.5674769133329391,0.5674769133329391,0.0
standard_dqn,819,50,109.86685978770257,117.77919123344232,38.082760125398636,71.78409925997258,1.6622645072638988,21829.13011932373,0.0,31.0,0.0,1.0,0.7692857142857144,0.4863613396883011,0.4863613396883011,0.0
standard_dqn,819,51,115.47767034173012,118.77159113049615,42.02381680160761,73.45385402441025,1.7074521454051137,23345.076709747314,0.0,31.0,0.0,0.0,0.7647619047619048,0.44958198070526123,0.44958198070526123,0.0
standard_dqn,819,52,94.17585832029582,115.89562829764859,31.741176553070545,62.43468179702759,1.5922254268079996,18902.68479156494,0.0,27.0,0.0,1.0,0.7602380952380953,0.459674877114594,0.459674877114594,0.0
standard_dqn,819,53,106.33462597429752,115.21896136509557,37.181385189294815,69.15324069559574,1.6675358582288027,21418.217752456665,0.0,29.0,0.0,0.0,0.7557142857142858,0.450806419365108,0.450806419365108,0.0
standard_dqn,819,54,107.79320972561837,115.06149893360512,38.21297326683998,69.58023656308652,1.7834416627883911,22807.61957550049,0.0,29.0,0.0,1.0,0.7511904761904762,0.6479747761040926,0.6479747761040926,0.0
standard_dqn,819,55,118.04313212640601,115.51653220313344,39.75989104062319,78.28324116028861,1.8316579358652234,23508.85545730591,0.0,33.0,9.0,0.0,0.7466666666666667,0.6697325222194195,0.6697325222194195,0.0
standard_dqn,819,56,132.92764936709182,116.06263444352885,40.71534489095211,92.21230434202926,1.8547248058021069,24073.34856414795,0.0,35.0,19.0,0.0,0.7421428571428572,0.4643643507733941,0.4643643507733941,0.0
standard_dqn,819,57,109.72938098013401,116.06847224388264,36.10265330970287,73.62672805786133,1.662729344330728,20552.85606765747,0.0,30.0,0.0,1.0,0.7376190476190476,0.5556239876896143,0.5556239876896143,0.0
standard_dqn,819,58,102.74029839187861,115.58754744831465,36.053221978247166,66.68707684576512,1.6481679501011968,20333.65913772583,0.0,29.0,0.0,1.0,0.7330952380952381,0.5029443334788084,0.5029443334788084,0.0
standard_dqn,819,59,132.53675724565983,116.51786107126615,43.58245259523392,88.95430439710617,1.8066909303888679,24289.084140777588,0.0,36.0,0.0,0.0,0.7285714285714286,0.5668148994445801,0.5668148994445801,0.0
standard_dqn,819,60,121.91896765828133,117.70408590782426,41.99686112999916,79.92210631966591,1.7539278101176023,23503.739059448242,0.0,33.0,0.0,2.0,0.724047619047619,0.5100421849638224,0.5100421849638224,0.0
standard_dqn,819,61,113.6381670922041,117.60713742766522,40.80859789252281,72.82956933379174,1.8482333477586508,24131.91184234619,0.0,30.0,0.0,2.0,0.7195238095238095,0.48881950974464417,0.48881950974464417,0.0
standard_dqn,819,62,121.96023228168488,115.6876808731042,40.7405050098896,81.21972701847554,1.8471927428618073,24317.580223083496,0.0,33.0,0.0,1.0,0.7150000000000001,0.8154891040176153,0.8154891040176153,0.0
standard_dqn,819,63,103.44315027594567,115.890773698964,37.24395076930523,66.19919928312302,1.638700363226235,21226.410011291504,0.0,28.0,0.0,2.0,0.7104761904761905,0.7765065152198076,0.7765065152198076,0.0
standard_dqn,819,64,113.94504026472569,115.03610128256715,38.50667300820351,75.43836700320244,1.6958062471821904,21798.47882461548,0.0,32.0,0.0,1.0,0.7059523809523809,0.638057854026556,0.638057854026556,0.0
standard_dqn,819,65,117.18363256752491,113.99646451377934,41.84449942409992,75.33913277089596,1.787845772691071,23891.423164367676,0.0,34.0,0.0,0.0,0.7014285714285715,0.5487528797239065,0.5487528797239065,0.0
standard_dqn,819,66,103.59153402745724,113.67570449316568,36.24585200846195,67.34568166136742,1.6644088197499514,21278.760404586792,0.0,30.0,0.0,1.0,0.6969047619047619,0.6142932921648026,0.6142932921648026,0.0
standard_dqn,819,67,112.14089652299882,113.24739738689428,39.358786068856716,72.78210992515088,1.743381212465465,22578.102111816406,0.0,31.0,0.0,1.0,0.6923809523809523,0.5483322758227587,0.5483322758227587,0.0
standard_dqn,819,68,118.0991091132164,113.82203394086723,42.412236511707306,75.68687219917774,1.8056872189044952,24345.9674949646,0.0,32.0,0.0,0.0,0.687857142857143,0.48052321560680866,0.48052321560680866,0.0
standard_dqn,819,69,107.98790355026722,113.17670378075604,40.64949248731136,67.33841103315353,1.767812299542129,24039.564414978027,0.0,29.0,0.0,0.0,0.6833333333333333,0.532886884175241,0.532886884175241,0.0
standard_dqn,819,70,118.54492339491844,113.61060696111686,46.05713164806366,72.48779179155827,1.7826832700520754,25584.361484527588,0.0,31.0,0.0,1.0,0.6788095238095238,0.7926104608923197,0.7926104608923197,0.0
standard_dqn,819,71,116.68625844419003,113.67103636623983,40.608578726649284,76.07767910659314,1.7829933362081647,23891.651218414307,0.0,31.0,0.0,2.0,0.6742857142857144,0.6475962717086077,0.6475962717086077,0.0
standard_dqn,819,72,103.3030873388052,114.1273978171653,36.66855991631746,66.63452646136284,1.6732768351212144,20948.068393707275,0.0,30.0,0.0,0.0,0.6697619047619048,0.6480351462960243,0.6480351462960243,0.0
standard_dqn,819,73,101.71779672801495,113.89655635485117,33.36265932768583,68.35513830184937,1.5818957705050707,18870.14737701416,0.0,30.0,0.0,0.0,0.6652380952380952,0.6327440850436687,0.6327440850436687,0.0
standard_dqn,819,74,97.95507624745369,113.40464968094295,38.319204583764076,59.63587163388729,1.6957559594884515,22040.06646347046,0.0,27.0,0.0,0.0,0.6607142857142857,0.582067753188312,0.582067753188312,0.0
standard_dqn,819,75,107.05066559612752,112.85502635442901,35.52161104977131,71.52905442714692,1.6665696194395423,20411.65719985962,0.0,31.0,0.0,1.0,0.6561904761904762,0.5578927230089903,0.5578927230089903,0.0
standard_dqn,819,76,104.27191632390023,111.42223970226944,36.22721043229103,68.04470638334752,1.663871806114912,20311.437252044678,0.0,30.0,0.0,1.0,0.6516666666666667,0.6447367295622826,0.6447367295622826,0.0
standard_dqn,819,77,108.08394915163517,111.33996811084451,37.2105692923069,70.87338047027588,1.7706348914653063,21711.039070129395,0.0,31.0,0.0,3.0,0.6471428571428571,0.6676912419497967,0.6676912419497967,0.0
standard_dqn,819,78,103.31928929686546,111.36891765609384,38.498829409480095,64.82046064734459,1.7235361309722066,22229.032613754272,0.0,28.0,0.0,0.0,0.6426190476190476,0.9163830000907183,0.9163830000907183,0.0
standard_dqn,819,79,127.80894909799099,111.1325272487104,41.965307772159576,85.84364168345928,1.8071913253515959,24208.754791259766,0.0,35.0,0.0,1.0,0.6380952380952382,0.5909392442554235,0.5909392442554235,0.0
standard_dqn,819,80,123.34894306957722,111.20402601927518,39.75710080564022,83.59184275567532,1.7798939775675535,22888.091903686523,0.0,35.0,0.0,2.0,0.6335714285714286,0.5985069740563631,0.5985069740563631,0.0
standard_dqn,819,81,103.88765195012093,110.71650026217102,32.940941482782364,70.94671043753624,1.6754639623686671,20102.343601226807,0.0,31.0,0.0,1.0,0.6290476190476191,0.678467707708478,0.678467707708478,0.0
standard_dqn,819,82,105.08817384392023,109.87289734028279,35.66876686364412,69.41940674185753,1.6742654023692012,20493.609893798828,0.0,30.0,0.0,0.0,0.6245238095238095,0.6529758423566818,0.6529758423566818,0.0
standard_dqn,819,83,127.7780716365282,111.08964340831191,39.58992762863636,88.18814344164771,1.820685432292521,23293.616050720215,0.0,35.0,8.0,1.0,0.62,0.570023437961936,0.570023437961936,0.0
standard_dqn,819,84,117.71761935949326,111.27827236305032,40.984744876623154,76.73287390172482,1.7508550016209483,23057.418907165527,0.0,32.0,0.0,2.0,0.6154761904761905,0.5949717201292515,0.5949717201292515,0.0
standard_dqn,819,85,90.95306867361069,109.96674416835461,33.63126591593027,57.321802228689194,1.58044152893126,19005.032829284668,0.0,26.0,0.0,0.0,0.6109523809523809,0.7337660472840071,0.7337660472840071,0.0
standard_dqn,819,86,104.83534442037345,110.02893468800042,35.66551544517279,69.16982918381692,1.6500421026721597,20472.534715652466,0.0,30.0,0.0,1.0,0.6064285714285714,0.9618524573743343,0.9618524573743343,0.0
standard_dqn,819,87,95.97209755331278,109.22049473951611,32.9389962553978,63.03310142457485,1.623030292801559,19509.19691848755,0.0,28.0,0.0,0.0,0.6019047619047619,0.7997661046683788,0.7997661046683788,0.0
standard_dqn,819,88,98.5735587477684,108.2442172212437,34.000213742256165,64.57334449887276,1.6952475309371948,20454.621841430664,0.0,28.0,0.0,0.0,0.5973809523809523,0.6271096551790833,0.6271096551790833,0.0
standard_dqn,819,89,116.20939622819424,108.65529185514006,41.8355605751276,74.37383522093296,1.7349196849390864,23232.081398010254,0.0,32.0,0.0,0.0,0.592857142857143,0.6978350877761841,0.6978350877761841,0.0
standard_dqn,819,90,113.73379448056221,108.41473540942225,37.490119591355324,76.2436745762825,1.7489304719492793,22039.8058013916,0.0,32.0,0.0,0.0,0.5883333333333334,0.5869108820334077,0.5869108820334077,0.0
standard_dqn,819,91,100.18393016755581,107.58961899559054,34.082590244710445,66.10133984088898,1.573746820911765,19300.957284927368,0.0,28.0,0.0,1.0,0.5838095238095238,0.6452755946666002,0.6452755946666002,0.0
standard_dqn,819,92,105.33081819117069,107.69100553820881,36.50289133191109,68.82792714238167,1.6724248435348272,20703.537170410156,0.0,30.0,0.0,2.0,0.5792857142857144,0.6535870879888535,0.6535870879888535,0.0
standard_dqn,819,93,92.38964276015759,107.22459783981594,32.52328020334244,59.86636173725128,1.578426950611174,19067.585510253906,0.0,25.0,0.0,0.0,0.5747619047619048,0.8780219815671444,0.8780219815671444,0.0
standard_dqn,819,94,99.19027528166771,107.28635779152664,35.235115349292755,63.95515985786915,1.646188477985561,20222.51390838623,0.0,28.0,0.0,0.0,0.5702380952380952,1.023761548101902,1.023761548101902,0.0
standard_dqn,819,95,110.98067078143359,107.48285805079195,38.74642128497362,72.23424963057042,1.7198015451431274,21979.67958831787,0.0,31.0,0.0,1.0,0.5657142857142857,0.879935584962368,0.879935584962368,0.0
standard_dqn,819,96,103.57867115736008,107.44819579246493,36.054447904229164,67.52422374486923,1.6523400684818625,21019.29482269287,0.0,29.0,0.0,0.0,0.5611904761904762,0.7557419128715992,0.7557419128715992,0.0
standard_dqn,819,97,125.75077432394028,108.3315370510802,42.17886820435524,83.57190591096878,1.838101507164538,24202.31341934204,0.0,35.0,0.0,0.0,0.5566666666666666,0.6815007831901312,0.6815007831901312,0.0
standard_dqn,819,98,107.07404885590077,108.51927502903197,38.56925919651985,68.50478875041009,1.7493487829342484,22450.761611938477,0.0,29.0,0.0,1.0,0.5521428571428572,0.7959174253046513,0.7959174253046513,0.0
standard_dqn,819,99,93.7311208114028,106.81538361470254,32.34771362692118,61.383407497406004,1.572737803682685,18362.6111907959,0.0,27.0,0.0,3.0,0.5476190476190477,0.7778794020414352,0.7778794020414352,0.0
standard_dqn,819,100,109.21811804175377,106.10884236331137,38.03508622944355,71.18303187191486,1.7763401651754975,22815.51218032837,0.0,31.0,0.0,0.0,0.5430952380952381,0.548242375254631,0.548242375254631,0.0
standard_dqn,819,101,125.92650082707405,107.21078480715903,42.94923456013203,82.97726558148861,1.8541538007557392,25089.890869140625,0.0,34.0,0.0,0.0,0.5385714285714286,0.8449138943105936,0.8449138943105936,0.0
standard_dqn,819,102,98.18506897985935,106.86562956395599,32.89918761700392,65.28588077425957,1.6400157129392028,19159.59251022339,0.0,28.0,0.0,1.0,0.5340476190476191,0.9057903327047825,0.9057903327047825,0.0
standard_dqn,819,103,81.77201595902443,104.5653267800808,31.58516299724579,50.1868527084589,1.540153264068067,17944.58415031433,0.0,24.0,0.0,1.0,0.5295238095238095,0.7451527565717697,0.7451527565717697,0.0
standard_dqn,819,104,122.06506285965443,104.78269895508886,38.95108298957348,83.11398001909257,1.7721490850672126,22526.032039642334,0.0,36.0,0.0,1.0,0.525,0.7158547639846802,0.7158547639846802,0.0
standard_dqn,819,105,79.10309907197953,104.1902004750073,30.869456946849823,48.233641961216925,1.5141515601426363,17309.936233520508,0.0,23.0,0.0,2.0,0.5204761904761905,0.7870270069688559,0.7870270069688559,0.0
standard_dqn,819,106,132.82276680469514,105.58957159422339,47.58969949185848,85.23306682109833,1.865972944535315,26629.762310028076,0.0,35.0,0.0,1.0,0.5159523809523809,0.761931074783206,0.761931074783206,0.0
standard_dqn,819,107,108.02052327990532,106.19199288055302,39.96511074900627,68.0554111301899,1.7310359040275216,22597.156171798706,0.0,29.0,0.0,0.0,0.5114285714285716,0.8198784999549389,0.8198784999549389,0.0
standard_dqn,819,108,110.2009492367506,106.77336240500213,38.09954406321049,72.10140438377857,1.6871195640414953,21169.876976013184,0.0,32.0,0.0,0.0,0.506904761904762,0.8104598671197891,0.8104598671197891,0.0
standard_dqn,819,109,105.03570006787777,106.2146775969863,35.873770624399185,69.16192942857742,1.6831448394805193,20483.86756515503,0.0,31.0,0.0,0.0,0.5023809523809524,0.9490965213626623,0.9490965213626623,0.0
standard_dqn,819,110,102.04201762378216,105.6300887541473,35.60894885659218,66.43306890130043,1.6406527943909168,20390.881965637207,0.0,28.0,0.0,2.0,0.4978571428571429,0.9749331083148718,0.9749331083148718,0.0
standard_dqn,819,111,112.11736446917057,106.22676046922804,36.756474889814854,75.36088986992836,1.7069159261882305,20493.269870758057,0.0,32.0,0.0,3.0,0.4933333333333334,0.711096104234457,0.711096104234457,0.0
standard_dqn,819,112,117.90745214521885,106.85559216693044,38.183522298932076,79.72392993569375,1.7283872300758958,21587.731491088867,0.0,35.0,0.0,1.0,0.4888095238095238,0.7896800935268402,0.7896800935268402,0.0
standard_dqn,819,113,98.99206422269344,107.18571324005725,36.75879828631878,62.23326621949673,1.6430877186357975,20387.468952178955,0.0,28.0,0.0,0.0,0.4842857142857143,0.7925032805651426,0.7925032805651426,0.0
standard_dqn,819,114,94.75013666749001,106.96370630934834,35.56543757021427,59.184699395298956,1.6331723146140575,20123.39303779602,0.0,27.0,0.0,1.0,0.4797619047619047,0.6989015303552151,0.6989015303552151,0.0
standard_dqn,819,115,103.5092400982976,106.59013477519156,35.314438380301,68.1948015242815,1.6516380393877625,20091.953651428223,0.0,30.0,0.0,0.0,0.47523809523809524,0.6779905334115028,0.6779905334115028,0.0
standard_dqn,819,116,98.00207550823689,106.3113049927354,35.83465522527695,62.16741997003555,1.6770772133022547,20720.363075256348,0.0,27.0,0.0,0.0,0.47071428571428575,0.7349133044481277,0.7349133044481277,0.0
standard_dqn,819,117,102.31069242954254,105.13930089801552,36.42528613656759,65.88540633022785,1.690430387854576,20940.01613998413,0.0,29.0,0.0,0.0,0.46619047619047627,1.0326816961169243,1.0326816961169243,0.0
standard_dqn,819,118,107.02656429409981,105.13692666992544,35.74667754769325,71.27988637387753,1.6873706867918372,20197.77811050415,0.0,30.0,0.0,2.0,0.46166666666666667,1.0112443957477808,1.0112443957477808,0.0
standard_dqn,819,119,72.78820603638887,104.08978093117476,27.312305085361004,45.475901040434834,1.4381659450009465,15126.06283569336,0.0,22.0,0.0,3.0,0.4571428571428572,0.7370329052209854,0.7370329052209854,0.0
standard_dqn,819,120,108.72399666309357,104.06507486224174,38.4556739628315,70.26832267045975,1.711665933020413,21964.651906967163,0.0,30.0,0.0,2.0,0.4526190476190477,0.8355212584137917,0.8355212584137917,0.0
standard_dqn,819,121,109.67778638005257,103.25263913989068,39.25749632716179,70.42029042541981,1.7280217362567782,22484.572467803955,0.0,30.0,0.0,0.0,0.4480952380952381,0.886111767962575,0.886111767962575,0.0
standard_dqn,819,122,114.89473498165607,104.08812243998052,41.17742273956537,73.71731271147728,1.7506301729008555,22682.62770462036,0.0,31.0,0.0,2.0,0.4435714285714286,0.925677876919508,0.925677876919508,0.0
standard_dqn,819,123,88.19937626570463,104.40949045531451,31.795367658138275,56.40400857031345,1.5443998957052827,17732.955368041992,0.0,26.0,0.0,3.0,0.439047619047619,0.835540771484375,0.835540771484375,0.0
standard_dqn,819,124,108.63708330690861,103.73809147767722,36.345092087984085,72.29199108481407,1.6725982204079628,20481.73363494873,0.0,32.0,0.0,0.0,0.43452380952380953,0.8437343183904886,0.8437343183904886,0.0
standard_dqn,819,125,104.66478468477726,105.0161757583171,34.48354917764664,70.1812349408865,1.6845819242298603,20120.908618927002,0.0,29.0,0.0,0.0,0.43000000000000005,1.0031375400722027,1.0031375400722027,0.0
standard_dqn,819,126,93.8340225815773,103.06673854716124,30.86464223265648,62.9693797826767,1.5570238772779703,17421.383960723877,0.0,27.0,0.0,3.0,0.42547619047619056,0.8423501271754503,0.8423501271754503,0.0
standard_dqn,819,127,95.87620816379786,102.45952279135585,33.66486441344023,62.21134373545647,1.5780974384397268,18801.41855621338,0.0,28.0,0.0,0.0,0.42095238095238097,1.039695329964161,1.039695329964161,0.0
standard_dqn,819,128,118.50544499009848,102.87474757902324,39.11531267315149,79.39013243615628,1.7303605359047651,22208.74998474121,0.0,33.0,0.0,2.0,0.41642857142857137,0.8460961878299713,0.8460961878299713,0.0
standard_dqn,819,129,96.55533075332642,102.45072911329567,32.340581715106964,64.21474896371365,1.6216741604730487,18331.782653808594,0.0,29.0,0.0,1.0,0.4119047619047619,0.7453151419758797,0.7453151419758797,0.0
standard_dqn,819,130,98.29068171977997,102.26316231809557,34.4604729488492,63.83020801842213,1.62027782574296,19655.850887298584,0.0,27.0,0.0,1.0,0.4073809523809524,1.0634501837193966,1.0634501837193966,0.0
standard_dqn,819,131,109.06595017015934,102.11059160314501,37.7508339881897,71.31511633098125,1.7345294980332255,21694.96965789795,0.0,31.0,0.0,0.0,0.4028571428571429,0.801021508872509,0.801021508872509,0.0
standard_dqn,819,132,94.39500277638436,100.93496913470328,29.916011407971382,64.4789912045002,1.5496325641870499,17295.947303771973,0.0,28.0,0.0,2.0,0.39833333333333343,1.0911927297711372,1.0911927297711372,0.0
standard_dqn,819,133,83.59431082159281,100.16508146464825,30.34746330231428,53.246848011016844,1.5021685641258955,17170.867458343506,0.0,25.0,0.0,1.0,0.39380952380952383,0.9520459733903408,0.9520459733903408,0.0
standard_dqn,819,134,95.1290520131588,100.18402723193171,31.706693679094315,63.42235839366913,1.6025774022564292,18369.460205078125,0.0,27.0,0.0,1.0,0.38928571428571423,0.8061570078134537,0.8061570078134537,0.0
standard_dqn,819,135,103.61546325981617,100.18933839000763,37.78402139246464,65.83144147992134,1.7103134654462337,21861.564247131348,0.0,29.0,0.0,2.0,0.38476190476190475,0.9828551597893238,0.9828551597893238,0.0
standard_dqn,819,136,93.18096263706684,99.94828274644911,33.20393097400665,59.97703176736832,1.603138467296958,18924.164321899414,0.0,25.0,0.0,1.0,0.38023809523809526,0.9551019929349422,0.9551019929349422,0.0
standard_dqn,819,137,102.87192161381245,99.97634420566261,35.7220152169466,67.14990681409836,1.6500440100207925,20287.157180786133,0.0,29.0,0.0,0.0,0.3757142857142858,0.9480190519243479,0.9480190519243479,0.0
standard_dqn,819,138,113.6175895869732,100.30589547030628,35.965371653437614,77.65221809744835,1.6330416230484843,19879.41586303711,0.0,34.0,0.0,2.0,0.3711904761904763,0.9158164113759995,0.9158164113759995,0.0
standard_dqn,819,139,116.16594803333282,102.47478257015348,40.39762871712446,75.76831954717636,1.7098125703632832,22387.198566436768,0.0,32.0,0.0,0.0,0.3666666666666667,0.7978710792958736,0.7978710792958736,0.0
standard_dqn,819,140,115.5236081853509,102.81476314626634,38.76782227307558,76.75578600168228,1.7565606851130724,22111.95062637329,0.0,32.0,0.0,1.0,0.3621428571428572,1.1128449402749538,1.1128449402749538,0.0
standard_dqn,819,141,113.67721738815308,103.01473469667137,37.097211450338364,76.58000635504723,1.6758471699431539,20848.651527404785,0.0,34.0,0.0,1.0,0.3576190476190476,1.1103922724723816,1.1103922724723816,0.0
standard_dqn,819,142,86.21291380524636,101.5806436378509,32.23943401873112,53.97348056137562,1.5623144144192338,18582.3302154541,0.0,25.0,0.0,1.0,0.35309523809523813,1.0157366283237934,1.0157366283237934,0.0
standard_dqn,819,143,103.35282343626022,102.33831599637867,36.74405665695667,66.60876661539078,1.6493356311693788,20491.87218093872,0.0,29.0,0.0,0.0,0.34857142857142864,0.9906994551420212,0.9906994551420212,0.0
standard_dqn,819,144,101.07749065756798,101.96033636391164,36.39811196923256,64.67937895655632,1.6210936773568392,20358.04608154297,0.0,29.0,0.0,0.0,0.34404761904761905,1.0152163747698069,1.0152163747698069,0.0
standard_dqn,819,145,92.18893527984619,101.3365438936651,33.49086247384548,58.69807255268097,1.620541773736477,19133.5223197937,0.0,26.0,0.0,0.0,0.33952380952380956,1.0816988423466682,1.0816988423466682,0.0
standard_dqn,819,146,99.61200163662434,101.62544284641743,34.89011333882809,64.72188865542412,1.577427513897419,19478.841464996338,0.0,29.0,0.0,1.0,0.3350000000000001,1.0543329566717148,1.0543329566717148,0.0
standard_dqn,819,147,86.57988614141941,101.16062674529852,30.464054509997368,56.11583188474178,1.5548392590135336,17291.563110351562,0.0,26.0,0.0,2.0,0.3304761904761905,1.1516156941652298,1.1516156941652298,0.0
standard_dqn,819,148,108.57510050535203,100.66410952106119,36.35243771970272,72.22266193628312,1.7190354280173779,21095.02227783203,0.0,30.0,0.0,1.0,0.325952380952381,1.132762711495161,1.132762711495161,0.0
standard_dqn,819,149,116.09494907408953,101.64109043709935,36.95004104077816,79.14490896463394,1.704286097548902,20923.312816619873,0.0,34.0,0.0,1.0,0.3214285714285714,0.7717000469565392,0.7717000469565392,0.0
standard_dqn,819,150,107.60069417357445,102.10659105978907,36.45250188559294,71.14819186329842,1.7130634551867843,21115.79372406006,0.0,30.0,0.0,2.0,0.3169047619047619,0.8506380841135979,0.8506380841135979,0.0
standard_dqn,819,151,93.83176884055138,101.34488199330868,33.176228784024715,60.655540615320206,1.6138209169730544,18974.9700050354,0.0,27.0,0.0,0.0,0.3123809523809524,1.0141668021678925,1.0141668021678925,0.0
standard_dqn,819,152,104.77710075676441,101.86398689232767,36.11074587702751,68.66635432839394,1.6684527266770601,20687.432483673096,0.0,30.0,0.0,0.0,0.30785714285714294,0.9893631990998983,0.9893631990998983,0.0
standard_dqn,819,153,93.07407976388932,102.33797533944251,32.721880093216896,60.35219901502133,1.5662938244640827,18425.2339553833,0.0,26.0,0.0,4.0,0.30333333333333345,1.0513857565820217,1.0513857565820217,0.0
standard_dqn,819,154,83.29620489478111,101.74633298352362,30.220686815679073,53.075518280267715,1.5339994616806507,17009.598684310913,0.0,24.0,0.0,0.0,0.29880952380952375,0.9663554318249226,0.9663554318249226,0.0
standard_dqn,819,155,89.37461367994547,101.03429050453008,33.04534874111414,56.32926508784294,1.5630744714289904,17926.774297714233,0.0,24.0,0.0,0.0,0.29428571428571426,1.001177804544568,1.001177804544568,0.0
standard_dqn,819,156,83.85850581824779,100.56816766358912,28.127036221325397,55.731469589471814,1.473906459286809,15693.414707183838,0.0,26.0,0.0,3.0,0.2897619047619048,0.8827646374702454,0.8827646374702454,0.0
standard_dqn,819,157,99.07049244642258,100.37809620521963,34.976254150271416,64.0942385494709,1.6675132736563683,20003.27894592285,0.0,28.0,0.0,2.0,0.2852380952380953,0.9846916254609823,0.9846916254609823,0.0
standard_dqn,819,158,107.90943706184626,100.09268857896328,35.91540491580963,71.99403248131276,1.6751024164259434,20572.653484344482,0.0,32.0,0.0,1.0,0.2807142857142858,1.0053682215511799,1.0053682215511799,0.0
standard_dqn,819,159,87.95907525718212,98.68234494015574,30.75724846124649,57.20182667672634,1.531011681072414,17488.516284942627,0.0,26.0,0.0,0.0,0.2761904761904763,1.1372603606432676,1.1372603606432676,0.0
standard_dqn,819,160,98.73346541225911,97.84283780150118,34.81460288167,63.91886288821697,1.6220637764781713,19485.597484588623,0.0,28.0,0.0,2.0,0.2716666666666666,1.2701775897294283,1.2701775897294283,0.0
standard_dqn,819,161,78.23741996586323,96.07084793038668,29.472931072115898,48.76448931097984,1.5490417247638106,17436.814220428467,0.0,24.0,0.0,2.0,0.2671428571428571,1.0853723660111427,1.0853723660111427,0.0
standard_dqn,819,162,92.39293249249458,96.37984886474908,32.856088541448116,59.53684415221214,1.5501768989488482,18134.994026184082,0.0,26.0,0.0,2.0,0.26261904761904764,1.1072340346872807,1.1072340346872807,0.0
standard_dqn,819,163,112.6492373868823,96.84466956228019,37.236292950809,75.41294448077679,1.6707677338272333,20849.72688102722,0.0,33.0,0.0,0.0,0.25809523809523816,0.9033799283206463,0.9033799283206463,0.0
standard_dqn,819,164,99.47435849905014,96.76451295435429,33.976474806666374,65.49788393080235,1.602218721061945,19402.349559783936,0.0,29.0,0.0,1.0,0.25357142857142867,1.135477989912033,1.135477989912033,0.0
standard_dqn,819,165,102.85151971429586,97.29764217607678,37.7234580591321,65.12806143164634,1.6480342578142881,20879.984550476074,0.0,29.0,0.0,2.0,0.24904761904761907,1.005160542204976,1.005160542204976,0.0
standard_dqn,819,166,102.22088845223189,97.42808651685715,34.94517567753792,67.27571269273759,1.6666131019592285,19779.38346862793,0.0,29.0,0.0,1.0,0.2445238095238096,1.2628023028373718,1.2628023028373718,0.0
standard_dqn,819,167,90.26750974357128,97.61246769696474,32.35588160157204,57.91162794828415,1.5766544295474887,18067.075675964355,0.0,28.0,0.0,0.0,0.24,0.9124431945383549,0.9124431945383549,0.0
standard_dqn,819,168,98.82509735375643,97.12496753938498,33.9983346760273,64.8267626926303,1.620293409563601,19137.46674346924,0.0,29.0,0.0,1.0,0.2354761904761905,0.9600858725607395,0.9600858725607395,0.0
standard_dqn,819,169,87.07401284575462,95.67392072796824,31.663455821573734,55.410556957125664,1.6088464185595512,18401.668384552002,0.0,25.0,0.0,0.0,0.23095238095238102,0.9115465767681599,0.9115465767681599,0.0
standard_dqn,819,170,99.50515557825565,95.2691437982023,35.66001445055008,63.84514079988003,1.643144067376852,19587.70771408081,0.0,28.0,0.0,0.0,0.22642857142857142,1.0369549877941608,1.0369549877941608,0.0
standard_dqn,819,171,95.97251711040735,95.37618121169508,34.04915712028742,61.923360258340836,1.6078521385788918,18943.038345336914,0.0,27.0,0.0,1.0,0.22190476190476194,1.1652795225381851,1.1652795225381851,0.0
standard_dqn,819,172,81.70201200246811,94.22242677398026,30.364056065678596,51.33795619010925,1.5138957593590021,16828.132345199585,0.0,25.0,0.0,0.0,0.21738095238095245,1.0907235406339169,1.0907235406339169,0.0
standard_dqn,819,173,76.8420153349638,93.410823552534,30.386816069483757,46.45519868433475,1.5056396936997771,17075.965267181396,0.0,23.0,0.0,1.0,0.21285714285714286,0.9767149183899164,0.9767149183899164,0.0
standard_dqn,819,174,92.31273155063391,93.86164988532664,33.35864266008139,58.95408892035484,1.5891003645956516,18654.07465362549,0.0,25.0,0.0,1.0,0.20833333333333337,0.9165000002831221,0.9165000002831221,0.0
standard_dqn,819,175,83.13992180079222,93.54991529136899,31.27310463041067,51.86681758761406,1.5286868046969175,17437.555492401123,0.0,23.0,0.0,1.0,0.20380952380952377,0.9866849780082703,0.9866849780082703,0.0
standard_dqn,819,176,87.59743878990412,93.7368619399518,30.53817842900753,57.059260070323944,1.526984129101038,17328.47283554077,0.0,26.0,0.0,0.0,0.1992857142857143,1.0955850705504417,1.0955850705504417,0.0
standard_dqn,819,177,88.70989055931568,93.21883184559644,30.61542508006096,58.09446521103382,1.5409523965790868,17168.424674987793,0.0,27.0,0.0,0.0,0.1947619047619048,1.040696769952774,1.040696769952774,0.0
standard_dqn,819,178,89.09760335385799,92.27824016019703,32.287993766367435,56.809609565138814,1.5631142845377326,17891.598468780518,0.0,27.0,0.0,3.0,0.19023809523809532,1.1576750576496124,1.1576750576496124,0.0
standard_dqn,819,179,97.40171854346991,92.75037232451142,33.94096164405346,63.46075735390186,1.630513558164239,19167.3805809021,0.0,28.0,0.0,1.0,0.18571428571428583,1.1763473208993673,1.1763473208993673,0.0
standard_dqn,819,180,109.75706811547279,93.3015524596721,35.71270713210106,74.04436104297638,1.6749051911756396,20144.537879943848,0.0,31.0,0.0,3.0,0.18119047619047624,1.2273508869111538,1.2273508869111538,0.0
standard_dqn,819,181,86.82841889560223,93.73110240615904,31.08516776561737,55.74325120449066,1.5183804826810956,17384.03119277954,0.0,25.0,0.0,1.0,0.17666666666666664,1.1961032785475254,1.1961032785475254,0.0
standard_dqn,819,182,96.96776707172394,93.9598441351205,31.230629444122314,65.73713756799698,1.5776928523555398,17678.78067779541,0.0,29.0,0.0,3.0,0.17214285714285715,1.1383424252271652,1.1383424252271652,0.0
standard_dqn,819,183,84.63872911781073,92.55931872166693,30.499042816460133,54.139686584472656,1.5530336564406753,17523.992530822754,0.0,25.0,0.0,0.0,0.16761904761904767,1.0534970294684172,1.0534970294684172,0.0
standard_dqn,819,184,86.24613223969936,91.8979074086994,32.36171165108681,53.8844208419323,1.5549751855432987,17920.60897064209,0.0,25.0,0.0,0.0,0.16309523809523818,1.1336159333586693,1.1336159333586693,0.0
standard_dqn,819,185,93.67631515860558,91.43914718091489,32.96494497358799,60.711369916796684,1.5905675934627652,18790.74779510498,0.0,27.0,0.0,0.0,0.1585714285714287,0.9476243704557419,0.9476243704557419,0.0
standard_dqn,819,186,74.13721099495888,90.03496330805123,30.054337181150913,44.082873463630676,1.4936766708269715,16766.81913948059,0.0,22.0,0.0,1.0,0.1540476190476191,0.9002360701560974,0.9002360701560974,0.0
standard_dqn,819,187,97.70803309381009,90.40698947556318,32.71954816579819,64.9884850025177,1.56085638795048,18130.299026489258,0.0,28.0,0.0,1.0,0.1495238095238095,1.1289006620645523,1.1289006620645523,0.0
standard_dqn,819,188,87.52139210999012,89.84180421337486,30.539745308458805,56.98164667487144,1.5631393948569894,17380.15874862671,0.0,26.0,0.0,2.0,0.14500000000000002,0.8455220330506563,0.8455220330506563,0.0
standard_dqn,819,189,81.54897805452347,89.56555247381331,29.19898784905672,52.34999004900455,1.497495336458087,16673.791053771973,0.0,23.0,0.0,2.0,0.14047619047619053,0.9919239021837711,0.9919239021837711,0.0
standard_dqn,819,190,90.2249618113041,89.10154278546574,33.390460319817066,56.8345011562109,1.5667250053957105,18692.172245025635,0.0,25.0,0.0,2.0,0.13595238095238105,1.4414028115570545,1.4414028115570545,0.0
standard_dqn,819,191,97.044184923172,89.15512617610396,32.40381407737732,64.64037178456783,1.5712449215352535,17919.13898086548,0.0,29.0,0.0,0.0,0.13142857142857145,1.1541022527962923,1.1541022527962923,0.0
standard_dqn,819,192,89.71458458155394,89.55575480505824,30.81053226441145,58.9040520042181,1.5621605021879077,17640.307388305664,0.0,27.0,0.0,0.0,0.12690476190476196,1.141228076070547,1.141228076070547,0.0
standard_dqn,819,193,89.79218642562628,90.20326335959138,31.807743526995182,57.98444292843342,1.58071297314018,17892.999698638916,0.0,26.0,0.0,2.0,0.12238095238095237,1.2170917112380266,1.2170917112380266,0.0
standard_dqn,819,194,92.75228767096996,90.22524116560817,32.995697401463985,59.756590604782104,1.5713108237832785,18655.795978546143,0.0,27.0,0.0,0.0,0.11785714285714288,1.0913259871304035,1.0913259871304035,0.0
standard_dqn,819,195,78.73895129710436,90.00519264042379,28.214713372290134,50.524237835407256,1.4598980564624071,15635.611793518066,0.0,23.0,0.0,1.0,0.1133333333333334,1.1583636738359928,1.1583636738359928,0.0
standard_dqn,819,196,78.12067658603192,89.53135453023017,28.464252166450024,49.65642421841621,1.4984594909474254,16213.882751464844,0.0,21.0,0.0,1.0,0.1088095238095238,1.0798111762851477,1.0798111762851477,0.0
standard_dqn,819,197,78.73351972848177,89.03253598868847,27.999688036739826,50.73383139371872,1.4558664662763476,15724.527557373047,0.0,22.0,0.0,3.0,0.10428571428571431,1.0774201266467571,1.0774201266467571,0.0
standard_dqn,819,198,86.3436813801527,88.89483989000321,29.677466735243797,56.66621509194374,1.5417761467397213,17022.884357452393,0.0,25.0,0.0,1.0,0.09976190476190483,1.2765052281320095,1.2765052281320095,0.0
standard_dqn,819,199,64.06060033291578,87.2277839794755,28.188366927206516,35.872233524918556,1.4308115560561419,15485.775791168213,0.0,19.0,0.0,0.0,0.09523809523809534,1.450969886034727,1.450969886034727,0.0
standard_dqn,819,200,73.14769544452429,85.39731534592808,28.88323912769556,44.2644562125206,1.467698366381228,15710.81424331665,0.0,21.0,0.0,0.0,0.09071428571428575,1.137714073061943,1.137714073061943,0.0
standard_dqn,819,201,75.29043933898211,84.82041636809707,28.391055040061474,46.89938467144966,1.491369279101491,16307.268257141113,0.0,22.0,0.0,1.0,0.08619047619047626,1.358748372644186,1.358748372644186,0.0
standard_dqn,819,202,86.54586666226388,84.29932134762407,29.17618227005005,57.369684720039366,1.520513285882771,16425.23779296875,0.0,25.0,0.0,4.0,0.08166666666666667,0.9188398942351341,0.9188398942351341,0.0
standard_dqn,819,203,95.97084657847881,84.86592722065748,33.69473245739937,62.27611397206783,1.6145382141694427,18491.23052597046,0.0,27.0,0.0,1.0,0.07714285714285718,1.1643016301095486,1.1643016301095486,0.0
standard_dqn,819,204,90.51327387988567,85.07928430266679,32.079651325941086,58.433622628450394,1.567723666317761,17874.34522628784,0.0,26.0,0.0,0.0,0.0726190476190477,1.0784997530281544,1.0784997530281544,0.0
standard_dqn,819,205,100.26093995571136,85.40851554252208,33.038987405598164,67.22195276618004,1.569715135730803,18008.205307006836,0.0,29.0,0.0,1.0,0.06809523809523821,1.3581667337566614,1.3581667337566614,0.0
standard_dqn,819,206,87.07039448618889,86.05517471708359,30.76768184453249,56.30271273851395,1.5152423651888967,17031.157428741455,0.0,26.0,0.0,1.0,0.06357142857142861,1.1202188096940517,1.1202188096940517,0.0
standard_dqn,819,207,96.90148697197438,86.01484741099179,33.100707083940506,63.80077973902225,1.5907341782003641,18412.680557250977,0.0,28.0,0.0,4.0,0.059047619047619015,1.3012631349265575,1.3012631349265575,0.0
standard_dqn,819,208,86.95797159671784,85.98667638532818,32.243356972932816,54.714613968133925,1.5673756580799818,17891.313018798828,0.0,26.0,0.0,1.0,0.05452380952380953,1.1394890770316124,1.1394890770316124,0.0
standard_dqn,819,209,87.8186256468296,86.30015876494349,31.788442119956017,56.03018369078636,1.56579028069973,17773.41791152954,0.0,26.0,0.0,2.0,0.050000000000000044,1.0633302330970764,1.0633302330970764,0.0
standard_dqn,819,210,92.18724060952664,86.39827270485463,32.25839453190565,59.92884593605995,1.5905998898670077,18293.381465911865,0.0,26.0,0.0,1.0,0.050000000000000044,1.2357405554503202,1.2357405554503202,0.0
standard_dqn,819,211,77.79841690659524,85.43598430402578,29.118003495037556,48.68041361272335,1.4874015618115664,15935.91767501831,0.0,22.0,0.0,2.0,0.050000000000000044,1.4724975395947695,1.4724975395947695,0.0
standard_dqn,819,212,86.63878257572651,85.2821942037344,30.974040389060974,55.66474239528179,1.5441067209467292,17294.930137634277,0.0,25.0,0.0,0.0,0.050000000000000044,0.8089527040719986,0.8089527040719986,0.0
standard_dqn,819,213,85.69924038648605,85.0775469017774,30.35344611108303,55.34579461812973,1.536460462026298,17288.070348739624,0.0,26.0,0.0,1.0,0.050000000000000044,1.0869042742997408,1.0869042742997408,0.0
standard_dqn,819,214,79.4990646392107,84.41488575018943,30.681491799652576,48.81757217645645,1.5365502024069428,16851.37819290161,0.0,23.0,0.0,0.0,0.050000000000000044,1.2329895421862602,1.2329895421862602,0.0
standard_dqn,819,215,79.18239063173533,84.43705771692098,28.587210677564144,50.595180162787436,1.5039269858971238,16354.571332931519,0.0,24.0,0.0,1.0,0.050000000000000044,1.2734591197222471,1.2734591197222471,0.0
standard_dqn,819,216,104.15058469772339,85.73855312250555,34.77202609181404,69.37855844199657,1.6811254573985934,19932.480710983276,0.0,30.0,0.0,0.0,0.050000000000000044,1.1757231671363115,1.1757231671363115,0.0
standard_dqn,819,217,86.34450837224722,86.11910255469382,28.429739754647017,57.91476881504059,1.4910027664154768,16329.887182235718,0.0,26.0,0.0,0.0,0.050000000000000044,0.9952459093183279,0.9952459093183279,0.0
standard_dqn,819,218,94.10401652753353,86.50711931206285,32.04292319715023,62.06109371781349,1.5640362203121185,17608.866119384766,0.0,28.0,0.0,0.0,0.050000000000000044,1.6197410933673382,1.6197410933673382,0.0
standard_dqn,819,219,95.95564422905446,88.1018715068698,33.24980705976486,62.705837020277976,1.6057208655402064,18503.083526611328,0.0,29.0,0.0,2.0,0.050000000000000044,1.2820492126047611,1.2820492126047611,0.0
standard_dqn,819,220,83.10358267873525,88.59966586858033,29.578326910734177,53.52525562644005,1.5026383195072412,16070.735776901245,0.0,24.0,0.0,4.0,0.050000000000000044,1.1418804880231619,1.1418804880231619,0.0
standard_dqn,819,221,73.09793271124363,88.49004053719342,28.83544458448887,44.2624876499176,1.4801515163853765,15603.793701171875,0.0,22.0,0.0,2.0,0.050000000000000044,1.0444243047386408,1.0444243047386408,0.0
standard_dqn,819,222,90.19417461752892,88.67245593495667,31.82050459086895,58.37367023527622,1.5799844907596707,17780.203002929688,0.0,27.0,0.0,1.0,0.050000000000000044,1.3296059221029282,1.3296059221029282,0.0
standard_dqn,819,223,110.09473438858986,89.37865032546222,37.85993255674839,72.23480242788791,1.7384817078709602,21594.80478668213,0.0,31.0,0.0,2.0,0.050000000000000044,1.0779722146689892,1.0779722146689892,0.0
standard_dqn,819,224,94.04763721078635,89.55536849200726,31.442830853164196,62.60480644702911,1.5914906347170472,17909.208251953125,0.0,29.0,0.0,2.0,0.050000000000000044,1.0658275671303272,1.0658275671303272,0.0
standard_dqn,819,225,84.39807461500168,88.76222522497179,30.423831835389137,53.97424215376377,1.5202310420572758,16771.998275756836,0.0,25.0,0.0,3.0,0.050000000000000044,0.9392439443618059,0.9392439443618059,0.0
standard_dqn,819,226,88.17432443201542,88.8174217222631,30.743383936583996,57.430940771102904,1.545170764438808,17121.69886779785,0.0,26.0,0.0,1.0,0.050000000000000044,1.5036760084331036,1.5036760084331036,0.0
standard_dqn,819,227,90.97348023355008,88.5210213853419,30.471479572355747,60.50200063884258,1.544897404499352,17358.395259857178,0.0,29.0,0.0,1.0,0.050000000000000044,1.5968695562332869,1.5968695562332869,0.0
standard_dqn,819,228,78.45614984631538,88.09593029782177,29.72997012734413,48.72617918252945,1.481186312623322,16693.440336227417,0.0,22.0,0.0,0.0,0.050000000000000044,1.258150827139616,1.258150827139616,0.0
standard_dqn,819,229,87.69787553846837,88.08989279240373,30.90514177083969,56.79273443818092,1.5442122193053365,17417.558988571167,0.0,25.0,0.0,1.0,0.050000000000000044,1.2675317395478487,1.2675317395478487,0.0
standard_dqn,819,230,59.83203715980053,86.4721326199174,25.06380058079958,34.76823672056198,1.384854644536972,13963.698192596436,0.0,18.0,0.0,1.0,0.050000000000000044,1.3898521587252617,1.3898521587252617,0.0
standard_dqn,819,231,82.84846136868,86.72463484302165,31.42010337859392,51.428358444571494,1.5972524918615818,18330.851013183594,0.0,24.0,0.0,1.0,0.050000000000000044,1.0336977280676365,1.0336977280676365,0.0
standard_dqn,819,232,91.26942045241594,86.95616673685612,32.68728171288967,58.582138389348984,1.5764449574053288,18264.49660873413,0.0,27.0,0.0,0.0,0.050000000000000044,1.2742377109825611,1.2742377109825611,0.0
standard_dqn,819,233,87.1870134472847,87.03055538989605,28.720917403697968,58.466095969080925,1.5132153490558267,16344.125835418701,0.0,28.0,0.0,0.0,0.050000000000000044,1.1440457347780466,1.1440457347780466,0.0
standard_dqn,819,234,74.57940060794354,86.78457218833269,28.653105407953262,45.9262955725193,1.4618048761039972,15884.076499938965,0.0,24.0,0.0,1.0,0.050000000000000044,1.4405431374907494,1.4405431374907494,0.0
standard_dqn,819,235,95.0028418302536,87.5755947482586,33.317948304116726,61.684893265366554,1.5895407414063811,18622.91717529297,0.0,30.0,0.0,2.0,0.050000000000000044,1.3149031102657318,1.3149031102657318,0.0
standard_dqn,819,236,90.47985363155604,86.89205819495024,30.786628872156143,59.693224692344664,1.537282794713974,17183.089506149292,0.0,27.0,0.0,2.0,0.050000000000000044,1.3816124144941568,1.3816124144941568,0.0
standard_dqn,819,237,76.49099442362785,86.39938249751927,28.2804813683033,48.21051351726055,1.4595830021426082,15838.239475250244,0.0,24.0,0.0,0.0,0.050000000000000044,1.1009162291884422,1.1009162291884422,0.0
standard_dqn,819,238,80.93639986217022,85.7410016642511,29.34372168034315,51.59267896413803,1.5122309755533934,16498.78624343872,0.0,24.0,0.0,0.0,0.050000000000000044,1.1484284065663815,1.1484284065663815,0.0
standard_dqn,819,239,73.4228380471468,84.61436135515571,28.11212134361267,45.3107168674469,1.4572706436738372,15616.748638153076,0.0,21.0,0.0,0.0,0.050000000000000044,1.4155350774526596,1.4155350774526596,0.0
standard_dqn,819,240,97.2695401325822,85.32265922784806,33.585186786949635,63.6843534052372,1.6531381448730826,19405.80286026001,0.0,29.0,0.0,2.0,0.050000000000000044,1.165299266576767,1.165299266576767,0.0
standard_dqn,819,241,82.88132188618184,85.81182868659498,29.304249674081802,53.57707240581512,1.5084085939452052,16463.982151031494,0.0,24.0,0.0,1.0,0.050000000000000044,1.0718496069312096,1.0718496069312096,0.0
standard_dqn,819,242,87.0595643311739,85.65509817227723,29.51924329996109,57.54032088220119,1.501605598255992,16610.840816497803,0.0,27.0,0.0,2.0,0.050000000000000044,1.3784377835690975,1.3784377835690975,0.0
standard_dqn,819,243,88.96571606546641,84.59864725612105,29.409297794103622,59.5564187258482,1.4783728895708919,15922.175411224365,0.0,27.0,0.0,1.0,0.050000000000000044,1.3493015263229609,1.3493015263229609,0.0
standard_dqn,819,244,76.22130665183067,83.70733072817328,26.987629055976868,49.233677715063095,1.4278535284101963,15229.456409454346,0.0,22.0,0.0,0.0,0.050000000000000044,1.4011140614748,1.4011140614748,0.0
standard_dqn,819,245,86.6292405873537,83.81888902679086,29.665692947804928,56.96354737877846,1.5203442526981235,16331.45329284668,0.0,26.0,0.0,0.0,0.050000000000000044,1.2149603515863419,1.2149603515863419,0.0
standard_dqn,819,246,93.00124600082636,84.0602351052314,32.584802351891994,60.416443306207654,1.5723520908504725,18140.97176361084,0.0,28.0,0.0,3.0,0.050000000000000044,1.1897584442049265,1.1897584442049265,0.0
standard_dqn,819,247,86.5973299086094,83.84142758898437,30.254484310746193,56.34284552335739,1.5267121149227023,17084.828296661377,0.0,27.0,0.0,1.0,0.050000000000000044,1.3823643010109663,1.3823643010109663,0.0
standard_dqn,819,248,87.3723582431674,84.28723800882696,30.530062474310398,56.84229542613029,1.5007529305294156,16588.038555145264,0.0,26.0,0.0,3.0,0.050000000000000044,1.0246294885873795,1.0246294885873795,0.0
standard_dqn,819,249,61.18304181098938,82.96149632245303,25.27271507680416,35.91032691299915,1.4064492043107748,14255.487260818481,0.0,18.0,0.0,0.0,0.050000000000000044,1.3539263904094696,1.3539263904094696,0.0
standard_dqn,819,250,75.86292538791895,83.76304073385894,27.556195341050625,48.30672971904278,1.4675992242991924,16066.021831512451,0.0,23.0,0.0,1.0,0.050000000000000044,1.6071860045194626,1.6071860045194626,0.0
standard_dqn,819,251,72.98181181401014,83.26970825612544,26.47215450555086,46.50965732336044,1.4027788182720542,14647.923328399658,0.0,24.0,0.0,3.0,0.050000000000000044,1.1763920858502388,1.1763920858502388,0.0
standard_dqn,819,252,75.2486761316657,82.46867104008794,27.958056800067425,47.29061931669712,1.4441681932657957,15094.788372039795,0.0,22.0,0.0,2.0,0.050000000000000044,1.3500659260898829,1.3500659260898829,0.0
standard_dqn,819,253,76.22881990671158,81.92076136305928,28.80766785144806,47.4211520254612,1.441725980490446,16021.380290985107,0.0,23.0,0.0,0.0,0.050000000000000044,1.3385285511612892,1.3385285511612892,0.0
standard_dqn,819,254,89.04196234792471,82.64388945005834,29.325801618397236,59.71616059541702,1.5393455429002643,16640.74040222168,0.0,28.0,0.0,0.0,0.050000000000000044,1.3723059799522161,1.3723059799522161,0.0
standard_dqn,819,255,81.89321516156197,81.98840811662376,29.573291316628456,52.319923502206805,1.4768314333632588,16064.67593383789,0.0,25.0,0.0,4.0,0.050000000000000044,1.1275383606553078,1.1275383606553078,0.0
standard_dqn,819,256,88.02311020344496,81.86557094521821,31.665754944086075,56.357354655861855,1.5452078608796,17658.180221557617,0.0,25.0,0.0,0.0,0.050000000000000044,1.4620084334164858,1.4620084334164858,0.0
standard_dqn,819,257,70.50790672451258,81.56641656026245,27.280553586781025,43.227352884411815,1.4364516800269485,15168.945192337036,0.0,20.0,0.0,3.0,0.050000000000000044,1.5904058627784252,1.5904058627784252,0.0
standard_dqn,819,258,78.28382802903653,81.43378796860577,28.725703701376915,49.5581247895956,1.4786930233240128,15982.09912109375,0.0,25.0,0.0,1.0,0.050000000000000044,1.5224938094615936,1.5224938094615936,0.0
standard_dqn,819,259,84.7610717639327,82.00069965444507,31.216093741357327,53.54497869312763,1.5333837931975722,17432.532192230225,0.0,24.0,0.0,0.0,0.050000000000000044,1.5866079218685627,1.5866079218685627,0.0
standard_dqn,819,260,65.5803110986948,80.41623820275069,25.65394628793001,39.926365160942076,1.394401142373681,14691.864904403687,0.0,20.0,0.0,1.0,0.050000000000000044,1.1048456281423569,1.1048456281423569,0.0
standard_dqn,819,261,73.44745011031628,79.94454461395742,28.044760555028915,45.402689361572264,1.4777345191687346,16078.92546081543,0.0,22.0,0.0,2.0,0.050000000000000044,1.4189214054495096,1.4189214054495096,0.0
standard_dqn,819,262,84.27226860225201,79.80517982751132,29.584124222397804,54.68814458847046,1.4948932537809014,16580.433883666992,0.0,25.0,0.0,1.0,0.050000000000000044,1.3913128674030304,1.3913128674030304,0.0
standard_dqn,819,263,80.2198389172554,79.36788597010077,30.94152867794037,49.27831031382084,1.5383124109357595,17520.390590667725,0.0,23.0,0.0,0.0,0.050000000000000044,1.2528167851269245,1.2528167851269245,0.0
standard_dqn,819,264,94.58276915699244,80.28595909535886,29.55742923170328,65.02534075975419,1.5226431479677558,16693.312072753906,0.0,29.0,0.0,3.0,0.050000000000000044,1.3446226976811886,1.3446226976811886,0.0
standard_dqn,819,265,65.31627781093121,79.22031095653774,25.95430901646614,39.36196901798248,1.411083472892642,14652.142782211304,0.0,20.0,0.0,2.0,0.050000000000000044,1.3986774869263172,1.3986774869263172,0.0
standard_dqn,819,266,73.61106358468533,78.25080183573068,27.857404962182045,45.75365853309631,1.4273655964061618,15233.745719909668,0.0,23.0,0.0,0.0,0.050000000000000044,1.552876390516758,1.552876390516758,0.0
standard_dqn,819,267,65.4681595876813,77.19434331968428,25.157582633197308,40.31057738661766,1.3694894388318062,14226.268642425537,0.0,20.0,0.0,1.0,0.050000000000000044,1.4553309828042984,1.4553309828042984,0.0
standard_dqn,819,268,83.69040876030923,77.01024584554138,32.241470865905285,51.448938304185866,1.546920352615416,17951.161979675293,0.0,22.0,0.0,1.0,0.050000000000000044,1.502000356093049,1.502000356093049,0.0
standard_dqn,819,269,84.75677718222141,78.18893261410297,29.751943051815033,55.0048346221447,1.5221633613109589,16911.285556793213,0.0,26.0,0.0,0.0,0.050000000000000044,1.6607597880065441,1.6607597880065441,0.0
standard_dqn,819,270,84.41434398293495,78.61650354385377,31.69820559769869,52.716138422489166,1.5559846349060535,18009.89141845703,0.0,23.0,0.0,1.0,0.050000000000000044,1.3068722914904356,1.3068722914904356,0.0
standard_dqn,819,271,80.55574221909046,78.99520006410778,27.92478632926941,52.630955189466476,1.4772350117564201,15887.688526153564,0.0,23.0,0.0,0.0,0.050000000000000044,1.1349097192287445,1.1349097192287445,0.0
standard_dqn,819,272,92.89157132059336,79.87734482355417,31.743754610419273,61.14781656861305,1.5584033681079745,18351.521577835083,0.0,28.0,0.0,0.0,0.050000000000000044,1.2577138245105743,1.2577138245105743,0.0
standard_dqn,819,273,68.2879583388567,79.48030174516141,26.80151118338108,41.48644705116749,1.436058153398335,15157.006488800049,0.0,22.0,0.0,0.0,0.050000000000000044,1.618776872754097,1.618776872754097,0.0
standard_dqn,819,274,77.07200007289649,78.88180363141001,29.79575701802969,47.27624330818653,1.4962033675983548,16564.224548339844,0.0,22.0,0.0,1.0,0.050000000000000044,1.3080714009702206,1.3080714009702206,0.0
standard_dqn,819,275,79.54712685346604,78.76449921600522,27.98864684998989,51.558480063080786,1.4527452401816845,15498.934265136719,0.0,24.0,0.0,2.0,0.050000000000000044,1.5449622888118029,1.5449622888118029,0.0
standard_dqn,819,276,77.15721545368433,78.2212044785172,29.06467804312706,48.09253719449043,1.4522587433457375,15856.4758644104,0.0,23.0,0.0,0.0,0.050000000000000044,1.162713149562478,1.162713149562478,0.0
standard_dqn,819,277,92.52573401480913,79.32209584303202,30.85770323127508,61.6680303812027,1.5413158675655723,17570.31637954712,0.0,26.0,0.0,3.0,0.050000000000000044,1.1938536893576384,1.1938536893576384,0.0
standard_dqn,819,278,67.53805809468031,78.7848073463142,26.277250714600086,41.260807529091835,1.4351762486621737,15019.77713394165,0.0,20.0,0.0,0.0,0.050000000000000044,1.2900243438780308,1.2900243438780308,0.0
standard_dqn,819,279,97.05627830326557,79.39956767328083,32.179497480392456,64.87678091228008,1.6086445422843099,18631.079971313477,0.0,28.0,0.0,1.0,0.050000000000000044,1.1722880210727453,1.1722880210727453,0.0
standard_dqn,819,280,79.49923260509968,80.09551374860108,27.70725278556347,51.791979759931564,1.4717772724106908,15820.883380889893,0.0,24.0,0.0,1.0,0.050000000000000044,1.2684766184538603,1.2684766184538603,0.0
standard_dqn,819,281,78.75721151381731,80.36100181877615,27.42711864411831,51.33009284734726,1.4489617440849543,15339.893747329712,0.0,25.0,0.0,1.0,0.050000000000000044,1.4901764802634716,1.4901764802634716,0.0
standard_dqn,819,282,70.26454855501652,79.66061581641436,25.503475077450275,44.761073276400566,1.399368042126298,14139.551536560059,0.0,22.0,0.0,0.0,0.050000000000000044,1.4293783530592918,1.4293783530592918,0.0
standard_dqn,819,283,81.3657463863492,79.71791118986906,28.414259389042854,52.951487362384796,1.4785109721124172,16025.582107543945,0.0,26.0,0.0,1.0,0.050000000000000044,1.3636657856404781,1.3636657856404781,0.0
standard_dqn,819,284,75.00170795619488,78.73885812982917,28.3934303894639,46.60827746987343,1.4702787538990378,16100.361698150635,0.0,21.0,0.0,1.0,0.050000000000000044,1.2286268025636673,1.2286268025636673,0.0
standard_dqn,819,285,84.92380661070347,79.71923456981777,30.16259277611971,54.76121326088905,1.5425294013693929,17408.966499328613,0.0,24.0,0.0,2.0,0.050000000000000044,1.2696901001036167,1.2696901001036167,0.0
standard_dqn,819,286,95.81323298215867,80.82934303969145,31.83077359944582,63.98245927095413,1.5734541332349181,17895.870002746582,0.0,29.0,0.0,1.0,0.050000000000000044,1.4732146821916103,1.4732146821916103,0.0
standard_dqn,819,287,89.89547125995159,82.05070862330496,30.847324572503567,59.048146814107895,1.54210009239614,17729.66273880005,0.0,27.0,0.0,1.0,0.050000000000000044,1.2234032712876797,1.2234032712876797,0.0
standard_dqn,819,288,85.27020900845528,82.12969863571227,29.97408314049244,55.296126493811606,1.520105792209506,17064.73514175415,0.0,25.0,0.0,2.0,0.050000000000000044,1.1952949576079845,1.1952949576079845,0.0
standard_dqn,819,289,76.34536761045456,81.70912815712393,28.44128307700157,47.90408456325531,1.4799012914299965,16186.970760345459,0.0,23.0,0.0,0.0,0.050000000000000044,1.5824527628719807,1.5824527628719807,0.0
standard_dqn,819,290,97.74191434830428,82.3755066753924,32.91980495303869,64.8221090823412,1.5816518599167466,18410.115409851074,0.0,29.0,0.0,3.0,0.050000000000000044,1.5947635360062122,1.5947635360062122,0.0
standard_dqn,819,291,59.88993312418461,81.3422162206471,24.773730516433716,35.11620245873928,1.3810406122356653,14502.996593475342,0.0,19.0,0.0,1.0,0.050000000000000044,1.4514079857617617,1.4514079857617617,0.0
standard_dqn,819,292,81.8085182696581,80.78806356810034,28.25029717385769,53.5582210958004,1.509507548995316,16451.808227539062,0.0,24.0,0.0,1.0,0.050000000000000044,1.452196143567562,1.452196143567562,0.0
standard_dqn,819,293,79.33935069292784,81.34063318580391,29.10002649575472,50.23932425677776,1.505701302550733,16486.359142303467,0.0,23.0,0.0,1.0,0.050000000000000044,1.5986438728868961,1.5986438728868961,0.0
standard_dqn,819,294,80.65221022218466,81.5196436932683,29.04338601976633,51.60882439613342,1.48219349142164,16042.24600982666,0.0,23.0,0.0,1.0,0.050000000000000044,1.3243472017347813,1.3243472017347813,0.0
standard_dqn,819,295,70.69388862103224,81.07698178164662,27.03584262728691,43.65804656744003,1.4403981752693653,15450.175285339355,0.0,21.0,0.0,1.0,0.050000000000000044,1.6318704560399055,1.6318704560399055,0.0
standard_dqn,819,296,79.0436943769455,81.17130572780968,27.22818624973297,51.81550860404968,1.4687064895406365,15728.225894927979,0.0,24.0,0.0,1.0,0.050000000000000044,1.5040988437831402,1.5040988437831402,0.0
standard_dqn,819,297,77.26413205265999,80.40822562970223,29.100705444812775,48.16342630982399,1.5245202472433448,16650.29111480713,0.0,25.0,0.0,2.0,0.050000000000000044,1.674249878153205,1.674249878153205,0.0
standard_dqn,819,298,97.37427965551615,81.90003670774401,31.68785011768341,65.68642947077751,1.5777117721736431,17961.91305732727,0.0,31.0,0.0,0.0,0.050000000000000044,1.4577981419861317,1.4577981419861317,0.0
standard_dqn,819,299,70.56531631201506,80.57548860818147,28.503901094198227,42.061414524912834,1.435758556239307,15662.913593292236,0.0,21.0,0.0,0.0,0.050000000000000044,1.451197860762477,1.451197860762477,0.0
standard_dqn,819,300,72.06715828180313,80.20388489201665,26.86681290715933,45.20034545660019,1.4206713400781155,14981.192169189453,0.0,22.0,0.0,1.0,0.050000000000000044,1.3312956504523754,1.3312956504523754,0.0
standard_dqn,819,301,99.17196634411812,81.2246226335317,32.86545696109533,66.30650931596756,1.5952261118218303,18304.6629486084,0.0,29.0,0.0,2.0,0.050000000000000044,1.157000569626689,1.157000569626689,0.0
standard_dqn,819,302,88.98284009099007,82.16053721033038,29.89850501716137,59.08433544635773,1.537807209417224,17142.342399597168,0.0,28.0,0.0,0.0,0.050000000000000044,1.4425527416169643,1.4425527416169643,0.0
standard_dqn,819,303,82.16212059557438,82.20035592079162,29.5230643004179,52.63905571401119,1.474230601452291,16242.144693374634,0.0,23.0,0.0,0.0,0.050000000000000044,1.5705721117556095,1.5705721117556095,0.0
standard_dqn,819,304,86.14076095819473,82.75730857089162,31.584511779248714,54.55624905228615,1.5501964520663023,17606.703063964844,0.0,25.0,0.0,1.0,0.050000000000000044,1.6822974123060703,1.6822974123060703,0.0
standard_dqn,819,305,99.93438207507134,83.50783734411002,34.182595297694206,65.75178716480733,1.6111108167096972,19274.861701965332,0.0,30.0,0.0,1.0,0.050000000000000044,1.4078840147703886,1.4078840147703886,0.0
standard_dqn,819,306,87.40580931305885,83.08746616065503,31.13324972987175,56.27255965769291,1.5438340697437525,17620.943046569824,0.0,25.0,0.0,0.0,0.050000000000000044,1.0280605237931013,1.0280605237931013,0.0
standard_dqn,819,307,72.23469331860542,82.20442726358772,27.596150815486908,44.63854266703129,1.507299673743546,16378.995697021484,0.0,22.0,0.0,0.0,0.050000000000000044,1.6759413108229637,1.6759413108229637,0.0
standard_dqn,819,308,70.6768893763423,81.47476128198207,28.718653671443462,41.95823589861393,1.4486570097506046,15817.936019897461,0.0,22.0,0.0,4.0,0.050000000000000044,1.3340013846755028,1.3340013846755028,0.0
standard_dqn,819,309,73.49856578558683,81.33242119073869,28.292837135493755,45.20572863519192,1.46240871027112,15997.790309906006,0.0,23.0,0.0,0.0,0.050000000000000044,1.3784753661602736,1.3784753661602736,0.0
standard_dqn,819,310,80.85236395895481,80.48794367127121,30.268524765968323,50.583839282393456,1.5044925520196557,16970.635402679443,0.0,23.0,0.0,0.0,0.050000000000000044,1.3807313349097967,1.3807313349097967,0.0
standard_dqn,819,311,64.8142215102911,80.73415809057653,25.962858617305756,38.85136269927025,1.4037942262366414,14824.096664428711,0.0,20.0,0.0,1.0,0.050000000000000044,1.1785608492791653,1.1785608492791653,0.0
standard_dqn,819,312,76.84022203981877,80.48574327908457,28.174233481287956,48.665988543629645,1.4899291303008795,16297.02179145813,0.0,23.0,0.0,3.0,0.050000000000000044,1.367881879210472,1.367881879210472,0.0
standard_dqn,819,313,90.16758789271117,81.02715513907374,30.71336818486452,59.45422011017799,1.5176302585750818,16925.756706237793,0.0,27.0,0.0,2.0,0.050000000000000044,1.4448933713138103,1.4448933713138103,0.0
standard_dqn,819,314,76.26255708932877,80.80767248243095,28.208879239857197,48.05367821455002,1.4492397541180253,15632.208408355713,0.0,23.0,0.0,1.0,0.050000000000000044,1.4763832911849022,1.4763832911849022,0.0
standard_dqn,819,315,83.11681133508682,81.42881861813366,28.69258212298155,54.42422950267792,1.4612681232392788,15615.544162750244,0.0,24.0,0.0,2.0,0.050000000000000044,1.3567414488643408,1.3567414488643408,0.0
standard_dqn,819,316,90.39455350041389,81.99636157430709,31.298831209540367,59.095721933245656,1.5606448352336884,18104.286865234375,0.0,27.0,0.0,3.0,0.050000000000000044,1.3911105580627918,1.3911105580627918,0.0
standard_dqn,819,317,74.60347363501788,81.86332865342499,27.91974800080061,46.68372578322887,1.4588195029646158,15662.566184997559,0.0,22.0,0.0,1.0,0.050000000000000044,2.026178516447544,2.026178516447544,0.0
standard_dqn,819,318,72.94394064843655,80.641811703071,26.764006227254868,46.17993397414684,1.4418634390458465,14972.75432395935,0.0,23.0,0.0,1.0,0.050000000000000044,1.4654944501817226,1.4654944501817226,0.0
standard_dqn,819,319,50.70461194217205,79.64877648457886,23.144278049468994,27.560333967208862,1.3332310700789094,13332.484466552734,0.0,16.0,0.0,0.0,0.050000000000000044,1.5325458068400621,1.5325458068400621,0.0
standard_dqn,819,320,69.95141606032848,79.54298937350512,27.978474140167236,41.972941756248474,1.4572434220463037,15599.220153808594,0.0,20.0,0.0,1.0,0.050000000000000044,1.5239637270569801,1.5239637270569801,0.0
standard_dqn,819,321,81.87993263602257,78.67838768810034,30.155217826366425,51.72471500337124,1.5089765880256891,16733.31569671631,0.0,23.0,0.0,1.0,0.050000000000000044,1.2204714510589838,1.2204714510589838,0.0
standard_dqn,819,322,77.3098926693201,78.09474031701684,27.77346621453762,49.536426454782486,1.4551430279389024,16062.029079437256,0.0,23.0,0.0,1.0,0.050000000000000044,1.6753715388476849,1.6753715388476849,0.0
standard_dqn,819,323,84.1328437924385,78.19327647686006,29.90652495622635,54.22631901502609,1.5378877203911543,16937.76650619507,0.0,25.0,0.0,0.0,0.050000000000000044,1.542637238278985,1.542637238278985,0.0
standard_dqn,819,324,75.8221613407135,77.67734649598599,28.835527658462524,46.98663365244865,1.4577637054026127,15981.061996459961,0.0,22.0,0.0,1.0,0.050000000000000044,1.066690232604742,1.066690232604742,0.0
standard_dqn,819,325,71.38501715660095,76.24987825006247,26.240402840077877,45.14461416006088,1.4299547299742699,14846.913665771484,0.0,22.0,0.0,1.0,0.050000000000000044,1.5760492645204067,1.5760492645204067,0.0
standard_dqn,819,326,98.92574102431536,76.82587483562529,31.857696391642094,67.06804499030113,1.562739536166191,18079.00171661377,0.0,30.0,0.0,0.0,0.050000000000000044,1.5839944947510958,1.5839944947510958,0.0
standard_dqn,819,327,76.80879357606173,77.05457984849812,27.534514240920544,49.27427991628647,1.4592095101252198,15446.825672149658,0.0,23.0,0.0,1.0,0.050000000000000044,1.3968635946512222,1.3968635946512222,0.0
standard_dqn,819,328,67.64150790274144,76.90281077481806,25.483497716486454,42.158010298013686,1.4116866495460272,14598.708255767822,0.0,22.0,0.0,1.0,0.050000000000000044,1.676358699798584,1.676358699798584,0.0
standard_dqn,819,329,93.07862320542336,77.8818136458099,30.94076630473137,62.137857019901276,1.5470798341557384,17373.861457824707,0.0,27.0,0.0,0.0,0.050000000000000044,1.439920062199235,1.439920062199235,0.0
standard_dqn,819,330,78.91763638705015,77.78507726721466,30.192725487053394,48.72491103410721,1.54319020640105,17209.68674850464,0.0,23.0,0.0,1.0,0.050000000000000044,1.3148205894976854,1.3148205894976854,0.0
standard_dqn,819,331,73.73286725133657,78.23100955426693,27.15298940986395,46.57987706661224,1.4521687952801585,15726.133522033691,0.0,22.0,0.0,3.0,0.050000000000000044,1.4597140308469534,1.4597140308469534,0.0
standard_dqn,819,332,87.14246340990067,78.74612162277103,29.992491230368614,57.14997222423553,1.4989941427484155,17065.020866394043,0.0,24.0,0.0,2.0,0.050000000000000044,1.3232192397117615,1.3232192397117615,0.0
standard_dqn,819,333,70.68620963543654,77.7720527099073,24.77275811508298,45.91345168054104,1.3705395022407174,13774.398071289062,0.0,22.0,0.0,1.0,0.050000000000000044,1.5698363967239857,1.5698363967239857,0.0
standard_dqn,819,334,68.23322121948004,77.37058591641487,26.372792474925518,41.86042886376381,1.4108012085780501,14903.7766456604,0.0,19.0,0.0,1.0,0.050000000000000044,1.568852597847581,1.568852597847581,0.0
standard_dqn,819,335,80.76121728867292,77.25280621409418,28.95499489456415,51.80622176826,1.4970083115622401,16441.657070159912,0.0,26.0,0.0,2.0,0.050000000000000044,1.1461448390036821,1.1461448390036821,0.0
standard_dqn,819,336,60.46882956624031,75.7565200173855,24.78869006037712,35.68013953566551,1.3638400752097368,13815.00467300415,0.0,20.0,0.0,1.0,0.050000000000000044,1.4224555771797895,1.4224555771797895,0.0
standard_dqn,819,337,96.25154615938663,76.83892364360392,33.40874467790127,62.842802464962006,1.589736063964665,18717.954662322998,0.0,27.0,0.0,1.0,0.050000000000000044,1.2831729669123888,1.2831729669123888,0.0
standard_dqn,819,338,75.62731695175171,76.97309245876968,27.34018364548683,48.287132784724236,1.4502729903906584,15783.151782989502,0.0,23.0,0.0,0.0,0.050000000000000044,1.6795619260519743,1.6795619260519743,0.0
standard_dqn,819,339,109.59063938260078,79.91739383079111,36.40348871797323,73.18715085089207,1.6613970743492246,20348.093017578125,0.0,33.0,0.0,0.0,0.050000000000000044,1.3371316697448492,1.3371316697448492,0.0
standard_dqn,819,340,80.5549897491932,80.44757251523436,29.913033351302147,50.64195632338524,1.5022551538422704,16578.110466003418,0.0,23.0,0.0,1.0,0.050000000000000044,1.8392191864550114,1.8392191864550114,0.0
standard_dqn,819,341,106.49975951015949,81.6785638589412,34.83205488324165,71.66770504415035,1.6810775212943554,20160.95858001709,0.0,32.0,0.0,1.0,0.050000000000000044,1.2574153393507004,1.2574153393507004,0.0
standard_dqn,819,342,82.96458243727685,81.96129834733905,30.473623037338257,52.49095974266529,1.5217012073844671,17229.98666381836,0.0,24.0,0.0,1.0,0.050000000000000044,1.7076841443777084,1.7076841443777084,0.0
standard_dqn,819,343,69.01341405808925,81.20532686062157,24.864435642957687,44.14897834062576,1.3801779048517346,14266.24012374878,0.0,21.0,0.0,2.0,0.050000000000000044,1.8453250043094158,1.8453250043094158,0.0
standard_dqn,819,344,71.71052942574025,80.99974526487291,28.3793353587389,43.331194096803664,1.461757205426693,15882.594470977783,0.0,21.0,0.0,1.0,0.050000000000000044,1.6377478800714016,1.6377478800714016,0.0
standard_dqn,819,345,80.90958137065172,81.47597347557544,29.092607118189335,51.816973835229874,1.5006281081587076,16767.77735519409,0.0,26.0,0.0,0.0,0.050000000000000044,1.2109302319586277,1.2109302319586277,0.0
standard_dqn,819,346,89.29701958596706,80.99453740365803,30.528187111020088,58.7688322365284,1.5432984801009297,17373.25186920166,0.0,27.0,0.0,1.0,0.050000000000000044,1.2601167540997267,1.2601167540997267,0.0
standard_dqn,819,347,89.95610212087631,81.65190283089876,30.903345495462418,59.052756774425504,1.5480588795617223,17592.799140930176,0.0,27.0,0.0,2.0,0.050000000000000044,1.5367316231131554,1.5367316231131554,0.0
standard_dqn,819,348,85.83831242471933,82.56174305699766,32.05443450063467,53.78387822210789,1.5315728290006518,18014.916389465332,0.0,24.0,0.0,1.0,0.050000000000000044,1.4951377734541893,1.4951377734541893,0.0
standard_dqn,819,349,80.0324191838503,81.90943285591901,29.506274580955505,50.52614454329014,1.5080547761172056,16943.41830444336,0.0,23.0,0.0,2.0,0.050000000000000044,1.5316639244556427,1.5316639244556427,0.0
standard_dqn,819,350,68.55648140013218,81.39137510657312,27.115881234407425,41.44060047864914,1.422482619062066,15194.034381866455,0.0,21.0,0.0,1.0,0.050000000000000044,1.1220802757889032,1.1220802757889032,0.0
standard_dqn,819,351,77.77024071663618,81.5932437798381,28.03993644565344,49.730304062366486,1.4561263592913747,15749.22652053833,0.0,23.0,0.0,3.0,0.050000000000000044,1.494996465742588,1.494996465742588,0.0
standard_dqn,819,352,69.61309658139945,80.71677543841304,26.401241697371006,43.21185472011566,1.40124936029315,14694.93111038208,0.0,22.0,0.0,1.0,0.050000000000000044,1.2538284230977297,1.2538284230977297,0.0
standard_dqn,819,353,80.70481076091528,81.21770549468697,29.529044218361378,51.17576636373997,1.491854659281671,16619.951236724854,0.0,24.0,0.0,0.0,0.050000000000000044,1.3432712014764547,1.3432712014764547,0.0
standard_dqn,819,354,76.12068535685539,81.61207870155573,28.333927020430565,47.78675817251205,1.470431499183178,15834.723983764648,0.0,23.0,0.0,3.0,0.050000000000000044,1.3263918831944466,1.3263918831944466,0.0
standard_dqn,819,355,81.10347763597966,81.62919171892108,28.952953308820724,52.15052434206009,1.4863285040482879,16715.33558654785,0.0,24.0,0.0,3.0,0.050000000000000044,1.5276774689555168,1.5276774689555168,0.0
standard_dqn,819,356,83.74781540036201,82.79314101062715,30.000227116048336,53.74758842587471,1.516779256053269,17004.856483459473,0.0,25.0,0.0,1.0,0.050000000000000044,1.2851795926690102,1.2851795926690102,0.0
standard_dqn,819,357,82.63150811940432,82.11213910862804,28.857907228171825,53.77360098063946,1.5312493359670043,17367.74973678589,0.0,27.0,0.0,0.0,0.050000000000000044,1.4896898325532675,1.4896898325532675,0.0
standard_dqn,819,358,82.82575714588165,82.47206111833455,30.673938557505608,52.151818454265594,1.4899297254160047,16797.40754699707,0.0,24.0,0.0,0.0,0.050000000000000044,1.573529675602913,1.573529675602913,0.0
standard_dqn,819,359,70.92308674156666,80.53868348628284,28.179760120809078,42.743326836824416,1.4527727589011192,15729.779792785645,0.0,21.0,0.0,1.0,0.050000000000000044,1.4657005444169044,1.4657005444169044,0.0
standard_dqn,819,360,58.42143500000238,79.4320057488233,25.24298543483019,33.178449311852454,1.3786003217101097,14038.336483001709,0.0,16.0,0.0,2.0,0.050000000000000044,1.2617918215692043,1.2617918215692043,0.0
standard_dqn,819,361,90.43243438899518,78.62863949276509,29.904619447886944,60.52781435251236,1.498585481196642,16618.274452209473,0.0,26.0,0.0,1.0,0.050000000000000044,1.229352928698063,1.229352928698063,0.0
standard_dqn,819,362,88.14972120523453,78.88789643116297,30.336901932954788,57.81281964480877,1.530278437770903,17354.679878234863,0.0,26.0,0.0,0.0,0.050000000000000044,1.5558405201882124,1.5558405201882124,0.0
standard_dqn,819,363,67.89403102844953,78.83192727968097,26.791920952498913,41.10211007595062,1.4136723969131708,15050.957824707031,0.0,20.0,0.0,2.0,0.050000000000000044,2.0039606615900993,2.0039606615900993,0.0
standard_dqn,819,364,78.34936439990997,79.16386902838946,30.0062854886055,48.34307962656021,1.5107917776331306,16969.27837753296,0.0,22.0,0.0,0.0,0.050000000000000044,1.323416855186224,1.323416855186224,0.0
standard_dqn,819,365,85.36469012498856,79.3866244661063,29.171903431415558,56.19278670847416,1.4855300895869732,16459.30216217041,0.0,27.0,0.0,0.0,0.050000000000000044,1.5039081238210201,1.5039081238210201,0.0
standard_dqn,819,366,60.862343893945216,77.96489068150521,24.834096379578114,36.02824696302414,1.3787195207551122,14229.292392730713,0.0,18.0,0.0,2.0,0.050000000000000044,1.0835729911923409,1.0835729911923409,0.0
standard_dqn,819,367,92.73451833426952,78.10381149217487,31.817439325153828,60.9170793145895,1.5472308741882443,18158.976043701172,0.0,28.0,0.0,0.0,0.050000000000000044,1.2267851009964943,1.2267851009964943,0.0
standard_dqn,819,368,55.358362996578215,76.57981402076783,23.018823713064194,32.33953965604305,1.3162769405171275,12905.251487731934,0.0,19.0,0.0,1.0,0.050000000000000044,1.6874320693314075,1.6874320693314075,0.0
standard_dqn,819,369,74.88400418311357,76.32239327073098,27.353520803153515,47.53048364818096,1.4756684750318527,15980.33479309082,0.0,23.0,0.0,3.0,0.050000000000000044,1.852882955223322,1.852882955223322,0.0
standard_dqn,819,370,81.1589584723115,76.95251712433995,30.76911109685898,50.38984739780426,1.5224946197122335,17534.03084564209,0.0,23.0,0.0,2.0,0.050000000000000044,1.7209307551383972,1.7209307551383972,0.0
standard_dqn,819,371,82.46103666871787,77.18705692194403,31.1439121440053,51.31712437570095,1.5602248646318913,17888.429275512695,0.0,24.0,0.0,2.0,0.050000000000000044,1.6424102578312159,1.6424102578312159,0.0
standard_dqn,819,372,75.21932605654001,77.46736839570106,27.807098045945168,47.41222873330116,1.4321630951017141,15438.543209075928,0.0,23.0,0.0,0.0,0.050000000000000044,1.5796168930828571,1.5796168930828571,0.0
standard_dqn,819,373,99.13700257986784,78.38897798664868,31.634703792631626,67.50229904055595,1.5835011871531606,17938.412200927734,0.0,31.0,0.0,0.0,0.050000000000000044,1.1548214294016361,1.1548214294016361,0.0
standard_dqn,819,374,87.43248024582863,78.95456773109734,30.647612430155277,56.784868359565735,1.549222911708057,17489.21662902832,0.0,26.0,0.0,1.0,0.050000000000000044,1.612319529056549,1.612319529056549,0.0
standard_dqn,819,375,89.40602745115757,79.36969522185623,31.324296429753304,58.081730872392654,1.5522227035835385,17503.71217727661,0.0,28.0,0.0,0.0,0.050000000000000044,1.5171704068779945,1.5171704068779945,0.0
standard_dqn,819,376,80.90541707873345,79.2275753057748,29.79673658311367,51.10868068933487,1.5372972348704934,17248.85073852539,0.0,25.0,0.0,3.0,0.050000000000000044,1.868734497576952,1.868734497576952,0.0
standard_dqn,819,377,80.23202042728663,79.10760092116894,28.026679754257202,52.20534096360207,1.4813231537118554,16170.170917510986,0.0,23.0,0.0,3.0,0.050000000000000044,1.542918249964714,1.542918249964714,0.0
standard_dqn,819,378,72.54877263307571,78.59375169552862,26.69502868503332,45.85374362766743,1.431367020122707,15064.523109436035,0.0,24.0,0.0,0.0,0.050000000000000044,1.5900355242192745,1.5900355242192745,0.0
standard_dqn,819,379,74.27311404198409,78.7612530605495,28.144256450235844,46.128857591748236,1.436699839308858,15786.17797088623,0.0,23.0,0.0,1.0,0.050000000000000044,1.3787038922309875,1.3787038922309875,0.0
standard_dqn,819,380,82.52825486809016,79.9665940539539,28.82605618983507,53.70219855904579,1.4745119381695986,16225.969249725342,0.0,25.0,0.0,2.0,0.050000000000000044,1.716608539223671,1.716608539223671,0.0
standard_dqn,819,381,87.21261411905289,79.80560304045677,30.986124873161316,56.22648900747299,1.5460722306743264,17784.404712677002,0.0,25.0,0.0,0.0,0.050000000000000044,1.4300130978226662,1.4300130978226662,0.0
standard_dqn,819,382,80.97377376407385,79.44680566839875,30.487942956387997,50.4858312100172,1.5158433178439736,17459.203132629395,0.0,24.0,0.0,1.0,0.050000000000000044,1.5439787302166224,1.5439787302166224,0.0
standard_dqn,819,383,72.0398513674736,79.65409668534994,27.423918813467026,44.61593247205019,1.4326153136789799,15413.95421218872,0.0,22.0,0.0,2.0,0.050000000000000044,1.8071272280067205,1.8071272280067205,0.0
standard_dqn,819,384,71.74169486761093,79.323713208735,27.390937939286232,44.350757002830505,1.4457030333578587,15217.060775756836,0.0,22.0,0.0,1.0,0.050000000000000044,1.5600330643355846,1.5600330643355846,0.0
standard_dqn,819,385,88.29708622395992,79.47033301368356,31.346363380551338,56.95072293281555,1.568105323240161,17897.969570159912,0.0,26.0,0.0,0.0,0.050000000000000044,1.4456655867397785,1.4456655867397785,0.0
standard_dqn,819,386,73.81376501172781,80.11790406957269,27.792642809450626,46.021122455596924,1.4687782553955913,15920.488082885742,0.0,21.0,0.0,0.0,0.050000000000000044,1.4524685256183147,1.4524685256183147,0.0
standard_dqn,819,387,78.52116230875254,79.40723626829683,29.75908910483122,48.76207333803177,1.4895269889384508,16592.3910446167,0.0,22.0,0.0,0.0,0.050000000000000044,1.6566552259027958,1.6566552259027958,0.0
standard_dqn,819,388,92.01017001271248,81.23982661910355,31.263933062553406,60.74623693525791,1.5606020586565137,17603.542510986328,0.0,27.0,0.0,0.0,0.050000000000000044,1.6244403347373009,1.6244403347373009,0.0
standard_dqn,819,389,74.53254942595959,81.22225388124585,26.208067715168,48.324481666088104,1.4188868533819914,14718.98519897461,0.0,23.0,0.0,1.0,0.050000000000000044,1.5392718110233545,1.5392718110233545,0.0
standard_dqn,819,390,84.36212272942066,81.3824120941013,30.131352834403515,54.23077005147934,1.5001385509967804,17047.291801452637,0.0,25.0,0.0,1.0,0.050000000000000044,1.7573633715510368,1.7573633715510368,0.0
standard_dqn,819,391,80.67157740294934,81.29293913081288,29.789539128541946,50.882038021087645,1.5042415438219905,17205.534824371338,0.0,23.0,0.0,1.0,0.050000000000000044,1.5220851302146912,1.5220851302146912,0.0
standard_dqn,819,392,69.58878268301487,81.01141196213663,26.772140830755234,42.81664131581783,1.4510408602654934,15476.71397781372,0.0,22.0,0.0,0.0,0.050000000000000044,1.6827317140996456,1.6827317140996456,0.0
standard_dqn,819,393,72.69225050508976,79.68917435839772,29.194957464933395,43.49729272723198,1.4540672414004803,15975.108322143555,0.0,21.0,0.0,1.0,0.050000000000000044,1.600399797782302,1.600399797782302,0.0
standard_dqn,819,394,82.86860597878695,79.46098064504564,30.32387689501047,52.544728711247444,1.5417953114956617,17359.9369430542,0.0,25.0,0.0,1.0,0.050000000000000044,1.508787190541625,1.508787190541625,0.0
standard_dqn,819,395,89.2526014238596,79.45330934368074,30.314619690179825,58.93798207640648,1.5355341881513596,16884.056507110596,0.0,27.0,0.0,1.0,0.050000000000000044,1.4854297805577517,1.4854297805577517,0.0
standard_dqn,819,396,79.43300049901009,79.37968851469458,30.981583558022976,48.45141742527485,1.5162270162254572,17902.211547851562,0.0,26.0,0.0,1.0,0.050000000000000044,1.6713589876890182,1.6713589876890182,0.0
standard_dqn,819,397,70.71541259586812,78.90385812312365,28.24969147145748,42.46572064757347,1.465375448577106,16006.550868988037,0.0,22.0,0.0,1.0,0.050000000000000044,1.616935083642602,1.616935083642602,0.0
standard_dqn,819,398,65.73795334994793,78.56331715896727,26.255314588546753,39.482638850808144,1.3831781353801489,14527.849716186523,0.0,20.0,0.0,0.0,0.050000000000000044,1.2346292492002249,1.2346292492002249,0.0
standard_dqn,819,399,72.94962923973799,78.49714291885496,27.758270598948002,45.191358268260956,1.439953712746501,15467.237949371338,0.0,22.0,0.0,1.0,0.050000000000000044,1.871684193611145,1.871684193611145,0.0
standard_dqn,819,400,71.05642308294773,77.92355132959783,27.36249328404665,43.69392944872379,1.4417765820398927,15907.185123443604,0.0,23.0,0.0,1.0,0.050000000000000044,1.433214120566845,1.433214120566845,0.0
standard_dqn,819,401,82.235844501853,77.67471284873784,30.715437650680542,51.52040667235851,1.5180651629343629,16741.57661819458,0.0,24.0,0.0,1.0,0.050000000000000044,1.5337754767388105,1.5337754767388105,0.0
standard_dqn,819,402,87.87017714232206,78.01953301765025,30.354929000139236,57.51524820923805,1.5193197010084987,17041.124145507812,0.0,27.0,0.0,2.0,0.050000000000000044,1.6632625237107277,1.6632625237107277,0.0
standard_dqn,819,403,86.53042897135019,78.74406189784408,30.282885931432247,56.24754353165626,1.5320154754444957,17273.449935913086,0.0,25.0,0.0,4.0,0.050000000000000044,1.5200738850980997,1.5200738850980997,0.0
standard_dqn,819,404,67.57275129407644,78.53561471916734,26.96888356655836,40.60386801064014,1.4522971222177148,15521.240200042725,0.0,20.0,0.0,2.0,0.050000000000000044,1.7450872287154198,1.7450872287154198,0.0
standard_dqn,819,405,78.27516980469227,78.03451889820397,30.236648865044117,48.0385210365057,1.5091300252825022,16789.604648590088,0.0,23.0,0.0,0.0,0.050000000000000044,1.895099226385355,1.895099226385355,0.0
standard_dqn,819,406,56.43318364322185,77.16548982977866,25.534860357642174,30.898323300480843,1.3692592047154903,14138.7915725708,0.0,18.0,0.0,3.0,0.050000000000000044,1.497928587719798,1.497928587719798,0.0
standard_dqn,819,407,78.3582819879055,77.15734581373631,27.04927897453308,51.309002715349195,1.4642890002578497,15780.292232513428,0.0,24.0,0.0,3.0,0.050000000000000044,1.6377394329756498,1.6377394329756498,0.0
standard_dqn,819,408,76.10377381742,76.36202600397169,27.720242984592915,48.38353028893471,1.4675807310268283,15744.104537963867,0.0,24.0,0.0,0.0,0.050000000000000044,1.4123661238700151,1.4123661238700151,0.0
standard_dqn,819,409,75.01945953816175,76.38637150958179,29.597515501081944,45.42194443941116,1.4893947560340166,16498.199851989746,0.0,24.0,0.0,2.0,0.050000000000000044,1.4609635323286057,1.4609635323286057,0.0
standard_dqn,819,410,83.9291505008936,76.36472289815545,29.655138939619064,54.274011650681494,1.4938256721943617,16484.195251464844,0.0,26.0,0.0,1.0,0.050000000000000044,1.5796973314136267,1.5796973314136267,0.0
standard_dqn,819,411,71.40151333957911,75.90121969498695,28.942234225571156,42.459278935194014,1.4946520859375596,16612.494384765625,0.0,20.0,0.0,1.0,0.050000000000000044,1.7567739356309175,1.7567739356309175,0.0
standard_dqn,819,412,63.97702577710152,75.62063184969128,26.078038185834885,37.898987740278244,1.4009322160854936,14780.090381622314,0.0,20.0,0.0,0.0,0.050000000000000044,1.5590574517846107,1.5590574517846107,0.0
standard_dqn,819,413,91.37811808288097,76.55492522858084,31.374511763453484,60.00360634922981,1.6052954690530896,18557.71527481079,0.0,27.0,0.0,1.0,0.050000000000000044,1.472464930266142,1.472464930266142,0.0
standard_dqn,819,414,61.41154333204031,75.4820720962435,24.68340965360403,36.728133380413055,1.383927270770073,14606.217529296875,0.0,20.0,0.0,0.0,0.050000000000000044,1.5563584305346012,1.5563584305346012,0.0
standard_dqn,819,415,66.4886884689331,74.34387644849718,27.172424644231796,39.31626361608505,1.4353986829519272,15443.75777053833,0.0,19.0,0.0,0.0,0.050000000000000044,1.682961018756032,1.682961018756032,0.0
standard_dqn,819,416,100.09902755320073,75.37717780120671,33.44182401895523,66.65720389187337,1.5995934531092644,18874.374633789062,0.0,30.0,0.0,1.0,0.050000000000000044,1.6164327841252089,1.6164327841252089,0.0
standard_dqn,819,417,69.21477170437575,75.3021457566321,26.519487120211124,42.69528459906578,1.3899049730971456,14721.605545043945,0.0,21.0,0.0,1.0,0.050000000000000044,1.3843150567263365,1.3843150567263365,0.0
standard_dqn,819,418,102.02552195191383,77.1165241867304,34.63017048686743,67.39535108506679,1.597614286467433,19491.60371017456,0.0,31.0,0.0,2.0,0.050000000000000044,1.7632960081100464,1.7632960081100464,0.0
standard_dqn,819,419,80.69166468083858,77.50362595878542,29.944966360926628,50.74669802188873,1.4914287077262998,16604.785625457764,0.0,24.0,0.0,2.0,0.050000000000000044,1.6696651987731457,1.6696651987731457,0.0
standard_dqn,819,420,72.74435065686703,77.58802233748138,26.96496468782425,45.779386192560196,1.4964425778016448,16399.98492050171,0.0,22.0,0.0,0.0,0.050000000000000044,1.5657681748270988,1.5657681748270988,0.0
standard_dqn,819,421,69.80042546242476,76.96625138550998,26.92917660623789,42.871248587965965,1.430334315635264,15492.869203567505,0.0,21.0,0.0,2.0,0.050000000000000044,1.2717843540012836,1.2717843540012836,0.0
standard_dqn,819,422,54.98933503031731,75.32220927990973,22.680193327367306,32.30914117395878,1.302665676921606,12674.02681350708,0.0,19.0,0.0,0.0,0.050000000000000044,1.839700285345316,1.839700285345316,0.0
standard_dqn,819,423,79.86811061352492,74.98909336201848,28.157789051532745,51.710321524739264,1.4849261427298188,16370.53327178955,0.0,24.0,0.0,3.0,0.050000000000000044,1.6863804534077644,1.6863804534077644,0.0
standard_dqn,819,424,71.95882438123226,75.20839701637627,27.760361552238464,44.19846247136593,1.4556208718568087,15635.631008148193,0.0,23.0,0.0,0.0,0.050000000000000044,1.3266353737562895,1.3266353737562895,0.0
standard_dqn,819,425,85.32171857357025,75.56072445482016,29.760301284492016,55.561417400836945,1.507422192953527,16727.992681503296,0.0,25.0,0.0,0.0,0.050000000000000044,1.164792438969016,1.164792438969016,0.0
standard_dqn,819,426,91.61949055790902,77.32003980055453,29.942757233977318,61.67673354744911,1.5253295879811049,16959.221645355225,0.0,28.0,0.0,2.0,0.050000000000000044,1.6160540375858545,1.6160540375858545,0.0
standard_dqn,819,427,84.67555161714554,77.63590328201653,29.976186096668243,54.69936550557613,1.5116157811135054,16978.267993927002,0.0,25.0,0.0,3.0,0.050000000000000044,1.4920056518167257,1.4920056518167257,0.0
standard_dqn,819,428,88.45695597976446,78.25356239013374,31.48935206234455,56.96760405898094,1.538895444944501,17648.22679901123,0.0,26.0,0.0,2.0,0.050000000000000044,2.0506653264164925,2.0506653264164925,0.0
standard_dqn,819,429,81.00648503005505,78.55291366472842,28.802337914705276,52.20414720475674,1.5088161854073405,16869.378734588623,0.0,24.0,0.0,0.0,0.050000000000000044,1.4994585514068604,1.4994585514068604,0.0
standard_dqn,819,430,67.92000879347324,77.7524565793574,27.956812724471092,39.9631962031126,1.472101705148816,15785.065704345703,0.0,21.0,0.0,1.0,0.050000000000000044,1.633845742791891,1.633845742791891,0.0
standard_dqn,819,431,77.31921167820693,78.04834149628878,28.505746729671955,48.81346468031406,1.4702389119192958,16258.015827178955,0.0,23.0,0.0,1.0,0.050000000000000044,1.8116606082767248,1.8116606082767248,0.0
standard_dqn,819,432,96.50991553962231,79.67498598441482,32.790201127529144,63.71971436738968,1.5676997769623995,18593.029960632324,0.0,27.0,0.0,2.0,0.050000000000000044,1.6586094964295626,1.6586094964295626,0.0
standard_dqn,819,433,87.73108575046062,79.49263436779381,30.53442521393299,57.1966603577137,1.5462989546358585,17640.659938812256,0.0,27.0,0.0,2.0,0.050000000000000044,1.6513563320040703,1.6513563320040703,0.0
standard_dqn,819,434,89.03705148398876,80.87390977539124,30.200602807104588,58.836449801921844,1.5312568405643106,17306.467529296875,0.0,26.0,0.0,0.0,0.050000000000000044,1.7935186885297298,1.7935186885297298,0.0
standard_dqn,819,435,96.50428642332554,82.37468967311085,31.413727410137653,65.09055922925472,1.5909323617815971,17653.80453491211,0.0,29.0,0.0,1.0,0.050000000000000044,1.2951954994350672,1.2951954994350672,0.0
standard_dqn,819,436,72.13279109746217,80.97637785032391,28.007441766560078,44.12534936070442,1.4388509802520275,15475.662364959717,0.0,21.0,0.0,2.0,0.050000000000000044,1.636250326409936,1.636250326409936,0.0
standard_dqn,819,437,97.31017742455006,82.38114813633264,33.644247487187386,63.665930131077765,1.6130220284685493,19021.80743789673,0.0,29.0,0.0,1.0,0.050000000000000044,1.4920544009655714,1.4920544009655714,0.0
standard_dqn,819,438,86.56428252160549,81.60808616481722,29.18678241968155,57.377501010894775,1.5107139209285378,16657.133026123047,0.0,27.0,0.0,3.0,0.050000000000000044,1.7209741920232773,1.7209741920232773,0.0
standard_dqn,819,439,77.2159761428833,81.43430173791945,27.9886170104146,49.22735985517502,1.4716434199362993,16086.359786987305,0.0,23.0,0.0,2.0,0.050000000000000044,1.5030456725507975,1.5030456725507975,0.0
standard_dqn,819,440,68.63351713120937,81.22876006163658,26.733234599232674,41.90028288960457,1.4256131816655397,14938.946182250977,0.0,21.0,0.0,0.0,0.050000000000000044,1.689486552029848,1.689486552029848,0.0
standard_dqn,819,441,89.68080626428127,82.2227791017294,31.434292301535606,58.24651429057121,1.5454198541119695,17607.431888580322,0.0,25.0,0.0,0.0,0.050000000000000044,1.4333074614405632,1.4333074614405632,0.0
standard_dqn,819,442,106.59334207475186,84.80297945395114,34.93243035674095,71.66091223955155,1.6222703801468015,19664.99490737915,0.0,30.0,0.0,1.0,0.050000000000000044,1.3685804884880781,1.3685804884880781,0.0
standard_dqn,819,443,78.23070100694895,84.72110897362232,28.272234812378883,49.95846611261368,1.4740331321954727,16198.101566314697,0.0,22.0,0.0,0.0,0.050000000000000044,1.1636199075728655,1.1636199075728655,0.0
standard_dqn,819,444,65.44697591662407,84.39551655039193,25.78664880245924,39.66032691299915,1.412450909614563,15093.340440750122,0.0,21.0,0.0,1.0,0.050000000000000044,1.395190117880702,1.395190117880702,0.0
standard_dqn,819,445,84.20591429024935,84.33972633622588,28.664082258939743,55.54183233678341,1.4695477951318026,16475.019374847412,0.0,24.0,0.0,2.0,0.050000000000000044,2.081991780549288,2.081991780549288,0.0
standard_dqn,819,446,74.76056241989136,83.496779929325,26.70419815182686,48.05636441707611,1.4225077433511615,15228.053325653076,0.0,23.0,0.0,0.0,0.050000000000000044,1.374679684638977,1.374679684638977,0.0
standard_dqn,819,447,61.02019738703966,82.3140122178197,24.0898612216115,36.93033609092235,1.3313710717484355,12968.982845306396,0.0,20.0,0.0,2.0,0.050000000000000044,1.4825537540018559,1.4825537540018559,0.0
standard_dqn,819,448,95.66571914553643,82.6744503761083,31.293225705623627,64.37249376773835,1.5935190999880433,18364.764324188232,0.0,29.0,0.0,1.0,0.050000000000000044,1.5193233266472816,1.5193233266472816,0.0
standard_dqn,819,449,87.03454108834266,82.97585317902266,30.311999782919884,56.722541111707685,1.5497246030718088,17357.165592193604,0.0,27.0,0.0,3.0,0.050000000000000044,1.9384607635438442,1.9384607635438442,0.0
standard_dqn,819,450,85.1468093186617,83.83719320528209,30.229094922542572,54.917714500427245,1.5156345777213573,16977.66763305664,0.0,24.0,0.0,2.0,0.050000000000000044,1.6590944826602936,1.6590944826602936,0.0
standard_dqn,819,451,69.9516599625349,83.4688156194985,27.445651546120644,42.506008714437485,1.468116327188909,15740.706321716309,0.0,21.0,0.0,1.0,0.050000000000000044,1.5584809072315693,1.5584809072315693,0.0
standard_dqn,819,452,79.82782628536225,82.6347111567855,29.40943869948387,50.41838794350624,1.4919491866603494,16627.411323547363,0.0,24.0,0.0,2.0,0.050000000000000044,1.865186845883727,1.865186845883727,0.0
standard_dqn,819,453,80.83807647973299,82.29006069324912,30.009006537497044,50.82906994223595,1.4899360286071897,16832.81312942505,0.0,25.0,0.0,0.0,0.050000000000000044,2.0418105721473694,2.0418105721473694,0.0
standard_dqn,819,454,84.91685535162688,82.08405088663103,28.852271772921085,56.064582952857016,1.5060749780386686,16531.82866668701,0.0,27.0,0.0,2.0,0.050000000000000044,1.3923284225165844,1.3923284225165844,0.0
standard_dqn,819,455,79.31524983048439,81.22459905698896,29.035744689404964,50.279504880309105,1.488813515752554,16507.11855316162,0.0,24.0,0.0,1.0,0.050000000000000044,2.010160122066736,2.010160122066736,0.0
standard_dqn,819,456,67.35115089267492,80.9855170467496,25.81103840470314,41.54011210799217,1.3907492784783244,14532.93862915039,0.0,21.0,0.0,2.0,0.050000000000000044,1.6690983027219772,1.6690983027219772,0.0
standard_dqn,819,457,82.23003535717726,80.23150994338096,28.400228947401047,53.8298062980175,1.4796579638496041,16154.490531921387,0.0,24.0,0.0,0.0,0.050000000000000044,1.9645202420651913,1.9645202420651913,0.0
standard_dqn,819,458,84.83920861184598,80.14525624789299,30.884856179356575,53.95435286462307,1.5351560488343239,17421.984283447266,0.0,26.0,0.0,1.0,0.050000000000000044,1.5980195868760347,1.5980195868760347,0.0
standard_dqn,819,459,91.49571775048972,80.85924332827331,32.995762176811695,58.499955558776854,1.5863140961155295,18597.15885925293,0.0,26.0,0.0,1.0,0.050000000000000044,1.3737853895872831,1.3737853895872831,0.0
standard_dqn,819,460,81.32627091109752,81.49388101726771,29.11068806797266,52.21558338701725,1.4901873860508204,16653.2230758667,0.0,23.0,0.0,3.0,0.050000000000000044,1.9100920297205448,1.9100920297205448,0.0
standard_dqn,819,461,75.86012353897095,80.8028468810022,28.947899885475636,46.912224078178404,1.4554672501981258,15984.809692382812,0.0,21.0,0.0,1.0,0.050000000000000044,1.6882955748587847,1.6882955748587847,0.0
standard_dqn,819,462,97.94859927147627,80.37060974083842,33.26567130535841,64.68292793631554,1.5898802410811186,18533.377418518066,0.0,29.0,0.0,0.0,0.050000000000000044,1.9457219392061234,1.9457219392061234,0.0
standard_dqn,819,463,81.98421531170607,80.55828545607628,29.02319473028183,52.96102058887482,1.4983823895454407,16441.114597320557,0.0,24.0,0.0,0.0,0.050000000000000044,2.158560559153557,2.158560559153557,0.0
standard_dqn,819,464,84.49031178951263,81.5104522497207,29.45247896760702,55.03783253133297,1.5002916054800153,16679.583297729492,0.0,26.0,0.0,2.0,0.050000000000000044,1.4054292477667332,1.4054292477667332,0.0
standard_dqn,819,465,70.01741406470538,80.80102723844351,26.281945161521435,43.735468515753745,1.3989395322278142,14696.625789642334,0.0,22.0,0.0,2.0,0.050000000000000044,1.646818796172738,1.646818796172738,0.0
standard_dqn,819,466,82.60235729068518,81.1931169819832,28.146775394678116,54.45558229088783,1.4791475301608443,15611.820301055908,0.0,25.0,0.0,0.0,0.050000000000000044,1.5945528354495764,1.5945528354495764,0.0
standard_dqn,819,467,87.5242108643055,82.51831765584649,29.924114167690277,57.60009724795818,1.5219663428142667,16800.36640739441,0.0,27.0,0.0,1.0,0.050000000000000044,1.2210752181708813,1.2210752181708813,0.0
standard_dqn,819,468,59.702970215678214,80.72018020935359,25.96941201388836,33.73355830609798,1.3867729408666492,14602.917255401611,0.0,17.0,0.0,1.0,0.050000000000000044,1.6328951679170132,1.6328951679170132,0.0
standard_dqn,819,469,78.80389595329761,80.30864795260132,28.257650636136532,50.546244862675664,1.4771655797958374,16121.433391571045,0.0,23.0,0.0,3.0,0.050000000000000044,1.3585869185626507,1.3585869185626507,0.0
standard_dqn,819,470,69.38993702828884,79.52080433808268,27.299144744873047,42.09079222381115,1.4127283580601215,14824.577606201172,0.0,21.0,0.0,1.0,0.050000000000000044,1.8131923116743565,1.8131923116743565,0.0
standard_dqn,819,471,83.331837490201,80.18981321446599,29.403013490140438,53.92882424592972,1.5067844586446881,16367.254711151123,0.0,25.0,0.0,2.0,0.050000000000000044,2.045767370611429,2.045767370611429,0.0
standard_dqn,819,472,77.29672192186118,80.06325799629093,28.13461659103632,49.16210495829582,1.4922569897025824,16221.20002746582,0.0,23.0,0.0,1.0,0.050000000000000044,1.7441586256027222,1.7441586256027222,0.0
standard_dqn,819,473,81.69512937217951,80.10611064091326,30.745037592947483,50.95009161531925,1.5310194035992026,17445.566551208496,0.0,24.0,0.0,1.0,0.050000000000000044,1.6243648044764996,1.6243648044764996,0.0
standard_dqn,819,474,81.18748623281718,79.91964218497279,30.459419168531895,50.72806724309921,1.5409751310944557,17583.157623291016,0.0,24.0,0.0,1.0,0.050000000000000044,1.791029442101717,1.791029442101717,0.0
standard_dqn,819,475,77.03697218894959,79.80572830289604,28.57948412746191,48.457488441467284,1.484681055881083,15910.82159614563,0.0,22.0,0.0,5.0,0.050000000000000044,1.2889241520315409,1.2889241520315409,0.0
standard_dqn,819,476,92.75440499186516,81.07589100785553,32.03376540541649,60.720639407634735,1.531506665982306,17864.065364837646,0.0,26.0,0.0,0.0,0.050000000000000044,1.281023845076561,1.281023845076561,0.0
standard_dqn,819,477,83.14247093349695,81.12151278667153,29.73919102549553,53.40328040719032,1.51832927018404,17164.683933258057,0.0,26.0,0.0,1.0,0.050000000000000044,1.81133877299726,1.81133877299726,0.0
standard_dqn,819,478,82.95075882375241,81.02709029726685,28.733517795801163,54.2172413110733,1.5036893859505653,16562.64533996582,0.0,26.0,0.0,1.0,0.050000000000000044,1.8389455657452345,1.8389455657452345,0.0
standard_dqn,819,479,85.69484824836255,80.7370468221605,29.069891408085823,56.62495698928833,1.458749513141811,16069.68490600586,0.0,27.0,0.0,2.0,0.050000000000000044,1.9872955027967691,1.9872955027967691,0.0
standard_dqn,819,480,90.08977491557599,81.17522202238442,32.30086860060692,57.78890641927719,1.5648313974961638,18058.681842803955,0.0,27.0,0.0,1.0,0.050000000000000044,1.8453126158565283,1.8453126158565283,0.0
standard_dqn,819,481,88.93506710231304,81.82896920055153,31.42157481610775,57.51349176466465,1.5766336368396878,18303.85461807251,0.0,27.0,0.0,0.0,0.050000000000000044,1.4036265294998884,1.4036265294998884,0.0
standard_dqn,819,482,74.77869319468736,80.67047389671208,28.007070250809193,46.77162327170372,1.447755429893732,15957.962799072266,0.0,21.0,0.0,3.0,0.050000000000000044,1.617948679253459,1.617948679253459,0.0
standard_dqn,819,483,56.79359512031078,79.41094288714231,24.984541475772858,31.809053778648376,1.3622260736301541,14088.811164855957,0.0,16.0,0.0,0.0,0.050000000000000044,1.6616712752729654,1.6616712752729654,0.0
standard_dqn,819,484,88.05980282425881,79.58941743887962,33.18882369995117,54.87097884118557,1.5997446179389954,18735.78582382202,0.0,25.0,0.0,1.0,0.050000000000000044,1.2872597016394138,1.2872597016394138,0.0
standard_dqn,819,485,101.30881898850203,81.15398768506944,34.584044463932514,66.72477459907532,1.6321322685107589,19719.791595458984,0.0,29.0,0.0,1.0,0.050000000000000044,1.7058320231735706,1.7058320231735706,0.0
standard_dqn,819,486,73.06237986683846,80.67698881387712,28.190547615289688,44.87183257937431,1.4387488728389144,15694.925880432129,0.0,21.0,0.0,0.0,0.050000000000000044,1.7716992776840925,1.7716992776840925,0.0
standard_dqn,819,487,87.74439643323421,80.68799809232355,29.751934677362442,57.992462053895,1.4987981477752328,16816.02183151245,0.0,26.0,0.0,0.0,0.050000000000000044,1.7489178851246834,1.7489178851246834,0.0
standard_dqn,819,488,66.50058778375387,81.02787897072733,25.380493111908436,41.120094776153564,1.4240959342569113,14952.290138244629,0.0,21.0,0.0,1.0,0.050000000000000044,1.382930213585496,1.382930213585496,0.0
standard_dqn,819,489,80.70855143666267,81.12311174489557,27.972570672631264,52.73598071932793,1.4683798607438803,15779.118839263916,0.0,25.0,0.0,1.0,0.050000000000000044,1.8360577300190926,1.8360577300190926,0.0
standard_dqn,819,490,74.16397120058537,81.36181345351041,28.95403878390789,45.209932416677475,1.502305039204657,16394.975399017334,0.0,23.0,0.0,1.0,0.050000000000000044,1.5062243845313787,1.5062243845313787,0.0
standard_dqn,819,491,73.00121595710516,80.84528237685562,28.018372297286987,44.98284414410591,1.4663833621889353,16117.468528747559,0.0,21.0,0.0,0.0,0.050000000000000044,1.7663221545517445,1.7663221545517445,0.0
standard_dqn,819,492,54.719798396527764,79.71643620058894,23.497894555330276,31.221903923153878,1.3136273780837655,13051.781448364258,0.0,18.0,0.0,3.0,0.050000000000000044,2.19955987483263,2.19955987483263,0.0
standard_dqn,819,493,78.20748686045408,79.54205407500267,27.504788927733898,50.702697709202766,1.4688599314540625,15939.572162628174,0.0,22.0,0.0,0.0,0.050000000000000044,1.5821865759789944,1.5821865759789944,0.0
standard_dqn,819,494,79.1732118576765,79.44134035624565,30.04636476933956,49.1268477588892,1.479712194763124,16539.410453796387,0.0,22.0,0.0,1.0,0.050000000000000044,1.553089626133442,1.553089626133442,0.0
standard_dqn,819,495,70.33583226203919,79.10628335990012,26.63420471549034,43.70162777006626,1.4215928250923753,15023.847957611084,0.0,22.0,0.0,1.0,0.050000000000000044,1.8281545080244541,1.8281545080244541,0.0
standard_dqn,819,496,70.5932444781065,77.9982253342122,26.291968651115894,44.30127589404583,1.4152402570471168,15203.114753723145,0.0,21.0,0.0,0.0,0.050000000000000044,1.921215295791626,1.921215295791626,0.0
standard_dqn,819,497,67.7621962428093,77.22921159967781,27.751485385000706,40.01071125268936,1.4538975758478045,15748.9612865448,0.0,20.0,0.0,1.0,0.050000000000000044,1.545216865837574,1.545216865837574,0.0
standard_dqn,819,498,70.79703839123249,76.62152557805182,25.465177305042744,45.33186113834381,1.417935499921441,14726.156921386719,0.0,22.0,0.0,3.0,0.050000000000000044,1.7796187810599804,1.7796187810599804,0.0
standard_dqn,819,499,86.95767159163952,76.68466674521565,30.151581034064293,56.80609049797058,1.4893658654764295,16615.79421234131,0.0,25.0,0.0,1.0,0.050000000000000044,1.6471842378377914,1.6471842378377914,0.0
standard_dqn,819,500,72.8790701493621,75.82413150690498,27.213936798274517,45.66513350009918,1.4414035603404045,15436.406089782715,0.0,23.0,0.0,1.0,0.050000000000000044,1.4006724506616592,1.4006724506616592,0.0
standard_dqn,819,501,76.53849097490311,75.20430270053448,28.044665351510048,48.493825608491896,1.4490409325808287,15798.795120239258,0.0,22.0,0.0,1.0,0.050000000000000044,2.1099155098199844,2.1099155098199844,0.0
standard_dqn,819,502,79.93451678007841,75.46209387980403,30.628439515829086,49.306077748537064,1.515140499919653,17432.366786956787,0.0,23.0,0.0,1.0,0.050000000000000044,2.0787995159626007,2.0787995159626007,0.0
standard_dqn,819,503,69.75142795145511,76.10998552136124,27.409487321972847,42.34194052517414,1.4492532825097442,15387.660587310791,0.0,21.0,0.0,2.0,0.050000000000000044,1.6075893826782703,1.6075893826782703,0.0
standard_dqn,819,504,82.82516386508942,75.84825357340277,30.805748715996742,52.01941482126713,1.5235621146857738,17402.09694671631,0.0,26.0,0.0,1.0,0.050000000000000044,1.8826035000383854,1.8826035000383854,0.0
standard_dqn,819,505,83.74595387279987,74.97011031761767,29.57653471827507,54.16941976547241,1.5410130554810166,17224.726398468018,0.0,25.0,0.0,1.0,0.050000000000000044,1.6848509851843119,1.6848509851843119,0.0
standard_dqn,819,506,93.74231869727373,76.00410725913943,34.393228478729725,59.349090337753296,1.6514339819550514,19973.543460845947,0.0,27.0,0.0,1.0,0.050000000000000044,1.7556678373366594,1.7556678373366594,0.0
standard_dqn,819,507,78.64916579574347,75.54934572726488,28.31219319999218,50.33697233498096,1.4816799238324165,16216.043544769287,0.0,24.0,0.0,3.0,0.050000000000000044,1.8103258162736893,1.8103258162736893,0.0
standard_dqn,819,508,83.17953997254372,76.38329333670438,29.30211115628481,53.8774287045002,1.4886003360152245,16538.24942779541,0.0,25.0,0.0,1.0,0.050000000000000044,1.576339341700077,1.576339341700077,0.0
standard_dqn,819,509,74.44237370938063,76.06998445034029,28.092433877289295,46.349939653277396,1.4645600710064173,15879.61841583252,0.0,21.0,0.0,2.0,0.050000000000000044,1.7229151353240013,1.7229151353240013,0.0
standard_dqn,819,510,91.98265626430512,76.96091870352627,32.55427598953247,59.42838040888309,1.5978224063292146,18391.61915588379,0.0,26.0,0.0,1.0,0.050000000000000044,1.232309713959694,1.232309713959694,0.0
standard_dqn,819,511,68.69629284739494,76.74567254804076,26.71086560189724,41.98542779684067,1.4355794563889503,15159.558666229248,0.0,22.0,0.0,0.0,0.050000000000000044,1.393294407054782,1.393294407054782,0.0
standard_dqn,819,512,83.78957190364599,78.19916122339666,30.398102320730686,53.39146998524666,1.53925861697644,17214.20781326294,0.0,25.0,0.0,1.0,0.050000000000000044,1.8732308372855186,1.8732308372855186,0.0
standard_dqn,819,513,76.33411649763585,78.10549270525576,28.70321837067604,47.63089748620987,1.4663346037268639,16150.135551452637,0.0,24.0,0.0,3.0,0.050000000000000044,1.9556118417531252,1.9556118417531252,0.0
standard_dqn,819,514,86.9982046186924,78.49674234330655,30.63815326988697,56.36005091667175,1.534453715197742,17811.480239868164,0.0,24.0,0.0,0.0,0.050000000000000044,1.6976783741265535,1.6976783741265535,0.0
standard_dqn,819,515,90.6342849969864,79.51166498005391,32.595020323991776,58.03926447927952,1.5678068986162543,17988.044929504395,0.0,26.0,0.0,1.0,0.050000000000000044,1.5692016929388046,1.5692016929388046,0.0
standard_dqn,819,516,72.5511957809329,79.60956254519523,26.700015507638454,45.85117997527122,1.4115849630907178,14969.770320892334,0.0,23.0,0.0,2.0,0.050000000000000044,1.5467427037656307,1.5467427037656307,0.0
standard_dqn,819,517,84.58669492006302,80.45078747905792,31.08735466003418,53.49934082627296,1.5546390106901526,17895.626342773438,0.0,24.0,0.0,3.0,0.050000000000000044,1.441424721851945,1.441424721851945,0.0
standard_dqn,819,518,88.64346300810575,81.34310870990159,30.96310618519783,57.68035724759102,1.5594146708026528,17595.447620391846,0.0,27.0,0.0,1.0,0.050000000000000044,2.430235370993614,2.430235370993614,0.0
standard_dqn,819,519,79.18426940739155,80.95443860068919,28.349430061876774,50.83483890593052,1.4576538288965821,16086.66501235962,0.0,23.0,0.0,1.0,0.050000000000000044,2.0219301115721464,2.0219301115721464,0.0
standard_dqn,819,520,78.6879270374775,81.24488144509496,29.439350321888924,49.24857658147812,1.4791236715391278,16051.890605926514,0.0,23.0,0.0,0.0,0.050000000000000044,1.565020002424717,1.565020002424717,0.0
standard_dqn,819,521,70.80739288777113,80.95832654073834,26.495242923498154,44.31214973330498,1.4259186070412397,14837.462997436523,0.0,23.0,0.0,0.0,0.050000000000000044,1.321462046355009,1.321462046355009,0.0
standard_dqn,819,522,77.03665169477463,80.81343328647317,26.702746123075485,50.3339063167572,1.469552943482995,15439.599559783936,0.0,23.0,0.0,2.0,0.050000000000000044,1.8603185340762138,1.8603185340762138,0.0
standard_dqn,819,523,67.58749044686556,80.70523641124369,27.848387129604816,39.739103853702545,1.4370336355641484,15735.410140991211,0.0,20.0,0.0,1.0,0.050000000000000044,1.6029702425003052,1.6029702425003052,0.0
standard_dqn,819,524,85.26421095579863,80.82718876577914,30.791673943400383,54.472536915540694,1.5460855709388852,17777.61609840393,0.0,25.0,0.0,1.0,0.050000000000000044,1.8171485662460327,1.8171485662460327,0.0
standard_dqn,819,525,81.56864105314017,80.71832312479617,28.372810877859592,53.19583042860031,1.475932378321886,16219.901222229004,0.0,26.0,0.0,1.0,0.050000000000000044,1.726945759728551,1.726945759728551,0.0
standard_dqn,819,526,82.48229379206896,80.15532187953593,31.158698230981827,51.323595225811005,1.5438612634316087,17428.81623840332,0.0,23.0,0.0,0.0,0.050000000000000044,1.7344762198626995,1.7344762198626995,0.0
standard_dqn,819,527,62.824279801547526,79.36407757982613,25.36539416015148,37.458885291218756,1.3740997519344091,14353.158363342285,0.0,19.0,0.0,1.0,0.050000000000000044,1.7330468129366636,1.7330468129366636,0.0
standard_dqn,819,528,94.58861990272999,79.93453157633544,31.35030212253332,63.23831707239151,1.55616161134094,17535.443546295166,0.0,28.0,0.0,0.0,0.050000000000000044,1.8973501231521368,1.8973501231521368,0.0
standard_dqn,819,529,88.38947004228831,80.63188639298082,30.81285546720028,57.576614835858344,1.5416023880243301,17935.52984237671,0.0,27.0,0.0,1.0,0.050000000000000044,2.145356260240078,2.145356260240078,0.0
standard_dqn,819,530,74.52184757590294,79.75884595856073,28.172630727291107,46.34921643137932,1.4449384054169059,15775.799182891846,0.0,24.0,0.0,1.0,0.050000000000000044,1.5463836621493101,1.5463836621493101,0.0
standard_dqn,819,531,67.10228382050991,79.67914550721646,27.216613084077835,39.88567082583904,1.4389391783624887,15195.8666305542,0.0,20.0,0.0,3.0,0.050000000000000044,1.7096593007445335,1.7096593007445335,0.0
standard_dqn,819,532,69.60371995717287,78.96985290989281,26.543847039341927,43.05987249314785,1.4370891712605953,15238.641742706299,0.0,22.0,0.0,1.0,0.050000000000000044,1.9720351248979568,1.9720351248979568,0.0
standard_dqn,819,533,75.31246752291918,78.91877046115697,29.421704441308975,45.890763103961945,1.4911279389634728,16948.779663085938,0.0,21.0,0.0,0.0,0.050000000000000044,1.826926639303565,1.826926639303565,0.0
standard_dqn,819,534,87.91211522519589,78.96446599148214,28.889072857797146,59.02304216623306,1.4783939449116588,16218.411697387695,0.0,26.0,0.0,1.0,0.050000000000000044,1.2031380031257868,1.2031380031257868,0.0
standard_dqn,819,535,71.39759046137333,78.00263126470148,25.635184079408646,45.76240645647049,1.3789929021149874,14325.192504882812,0.0,22.0,0.0,2.0,0.050000000000000044,1.2701303996145725,1.2701303996145725,0.0
standard_dqn,819,536,73.63631947338581,78.05688744932414,27.70743738114834,45.92888195812702,1.4507109457626939,15600.516159057617,0.0,21.0,0.0,1.0,0.050000000000000044,1.8434141166508198,1.8434141166508198,0.0
standard_dqn,819,537,69.58575157821178,77.30684028223158,27.44398232549429,42.141768991947174,1.440752717666328,15857.101627349854,0.0,20.0,0.0,0.0,0.050000000000000044,2.003488939255476,2.003488939255476,0.0
standard_dqn,819,538,74.64191707968712,76.60676298581065,27.149880900979042,47.49203561246395,1.4806365380063653,15879.445293426514,0.0,23.0,0.0,0.0,0.050000000000000044,1.7503937389701605,1.7503937389701605,0.0
standard_dqn,819,539,78.0402809381485,76.54956356234848,29.43900030851364,48.60128054022789,1.4750774633139372,16478.095348358154,0.0,23.0,0.0,0.0,0.050000000000000044,1.557566436007619,1.557566436007619,0.0
standard_dqn,819,540,68.85092095285654,76.05771325811745,28.00183092802763,40.84908998012543,1.492434648796916,16009.659759521484,0.0,20.0,0.0,1.0,0.050000000000000044,2.048037074506283,2.048037074506283,0.0
standard_dqn,819,541,76.19725600779057,76.32720641411842,28.14374031126499,48.05351493656635,1.4555109227076173,15860.232456207275,0.0,23.0,0.0,1.0,0.050000000000000044,1.855566967278719,1.855566967278719,0.0
standard_dqn,819,542,91.76168239116669,77.06345794893801,31.290948629379272,60.47073335945606,1.5380508825182915,17597.832118988037,0.0,27.0,0.0,3.0,0.050000000000000044,2.1105826776474714,2.1105826776474714,0.0
standard_dqn,819,543,86.96488354504109,78.03232760384681,29.6113191395998,57.353564673662184,1.4938577925786376,16522.053867340088,0.0,27.0,0.0,2.0,0.050000000000000044,1.825449075549841,1.825449075549841,0.0
standard_dqn,819,544,60.76266928166151,76.80725052013995,25.33064452558756,35.43202474117279,1.3867788538336754,14406.23133468628,0.0,19.0,0.0,1.0,0.050000000000000044,1.575851697474718,1.575851697474718,0.0
standard_dqn,819,545,88.026599624753,77.13014844872059,31.659641802310944,56.36695804595947,1.5375210801139474,17952.8609085083,0.0,25.0,0.0,1.0,0.050000000000000044,2.221533313393593,2.221533313393593,0.0
standard_dqn,819,546,100.4467525869608,78.02837138846517,36.10831601917744,64.33843680620194,1.6407305719330907,20387.91896057129,0.0,28.0,0.0,1.0,0.050000000000000044,1.38697749376297,1.38697749376297,0.0
standard_dqn,819,547,88.13839947581292,79.29407737217846,30.772508710622787,57.36589121222496,1.551066206768155,17511.617431640625,0.0,27.0,0.0,2.0,0.050000000000000044,1.6182744037359953,1.6182744037359953,0.0
standard_dqn,819,548,86.11960262358188,78.87062650822105,31.879549525678158,54.24005379080772,1.5577116729691625,18226.531044006348,0.0,27.0,0.0,2.0,0.050000000000000044,1.4536817334592342,1.4536817334592342,0.0
standard_dqn,819,549,77.65363446027041,78.33383472912016,26.444179072976112,51.20945514142513,1.4297089902684093,14899.907844543457,0.0,24.0,0.0,2.0,0.050000000000000044,1.6786173451691866,1.6786173451691866,0.0
standard_dqn,819,550,94.96710409522056,79.35609755508602,32.224085472524166,62.74301855564117,1.583417184650898,18085.829345703125,0.0,28.0,0.0,2.0,0.050000000000000044,1.9302496537566185,1.9302496537566185,0.0
standard_dqn,819,551,60.6501298636198,79.0334898572415,24.583938881754875,36.06619099676609,1.3663719277828932,13978.480922698975,0.0,21.0,0.0,1.0,0.050000000000000044,1.6831470020115376,1.6831470020115376,0.0
standard_dqn,819,552,73.2308382615447,79.21484577246011,27.288893409073353,45.94194486737251,1.4306662110611796,15438.784400939941,0.0,21.0,0.0,0.0,0.050000000000000044,1.7640921231359243,1.7640921231359243,0.0
standard_dqn,819,553,92.47822970151901,80.0731338813901,31.180560380220413,61.29766924679279,1.5469413679093122,17619.41586303711,0.0,29.0,0.0,1.0,0.050000000000000044,1.98126320540905,1.98126320540905,0.0
standard_dqn,819,554,65.18344636261463,78.93670043826106,26.60737857222557,38.576067507267,1.4383232118561864,15322.031940460205,0.0,20.0,0.0,0.0,0.050000000000000044,1.7875409945845604,1.7875409945845604,0.0
standard_dqn,819,555,68.07845785468817,78.77074380792678,27.004440002143383,41.07401792705059,1.4361301604658365,15176.232196807861,0.0,21.0,0.0,0.0,0.050000000000000044,2.2544707655906677,2.2544707655906677,0.0
standard_dqn,819,556,76.48496854305267,78.91317626141013,28.00836031138897,48.47660832107067,1.445983735844493,15757.21229171753,0.0,23.0,0.0,0.0,0.050000000000000044,1.9589455276727676,1.9589455276727676,0.0
standard_dqn,819,557,85.87951550930738,79.7278644579649,28.709698989987373,57.169816347956655,1.4886403204873204,16218.959453582764,0.0,26.0,0.0,2.0,0.050000000000000044,1.8203108999878168,1.8203108999878168,0.0
standard_dqn,819,558,73.84070837497711,79.68780402272941,27.396652728319168,46.44405555725098,1.4576040226966143,15426.650936126709,0.0,22.0,0.0,0.0,0.050000000000000044,2.0561687499284744,2.0561687499284744,0.0
standard_dqn,819,559,91.1759386062622,80.34458690613509,31.25880753993988,59.91713073849678,1.55739557556808,17579.178802490234,0.0,26.0,0.0,2.0,0.050000000000000044,1.5834251772612333,1.5834251772612333,0.0
standard_dqn,819,560,80.08082778900862,80.90608224794269,29.085105881094933,50.995722064375876,1.4633895512670279,16098.395282745361,0.0,23.0,0.0,3.0,0.050000000000000044,1.7854958176612854,1.7854958176612854,0.0
standard_dqn,819,561,69.20635667592288,80.5565372813493,26.871197879314423,42.33515862524509,1.4169480167329311,15288.786895751953,0.0,22.0,0.0,1.0,0.050000000000000044,1.5368202403187752,1.5368202403187752,0.0
standard_dqn,819,562,80.21951908767224,79.9794291161746,28.157231517136097,52.062287443876265,1.466580837033689,15838.420692443848,0.0,24.0,0.0,1.0,0.050000000000000044,2.2412124797701836,2.2412124797701836,0.0
standard_dqn,819,563,80.52196152657271,79.65728301525118,29.26655552536249,51.25540634393692,1.5111449249088764,16929.347360610962,0.0,23.0,0.0,1.0,0.050000000000000044,1.2210489511489868,1.2210489511489868,0.0
standard_dqn,819,564,92.3503874257207,81.23666892245413,30.774781607091427,61.57560577392578,1.546204723417759,17353.6192779541,0.0,27.0,0.0,3.0,0.050000000000000044,1.7761300206184387,1.7761300206184387,0.0
standard_dqn,819,565,84.466610455513,81.05866946399213,27.737861201167107,56.728749284148215,1.4943675575777888,15988.006511688232,0.0,26.0,0.0,1.0,0.050000000000000044,1.8672983273863792,1.8672983273863792,0.0
standard_dqn,819,566,80.24380119144917,80.04852189421656,29.537484616041183,50.706316858530045,1.4870809763669968,16502.999284744263,0.0,24.0,0.0,2.0,0.050000000000000044,1.6131164859980345,1.6131164859980345,0.0
standard_dqn,819,567,69.82884803712368,79.13304432228209,26.32073523104191,43.508113133907315,1.399263714440167,14637.561882019043,0.0,21.0,0.0,2.0,0.050000000000000044,1.77171054109931,1.77171054109931,0.0
standard_dqn,819,568,78.94414718449116,78.77427155032754,29.344056770205498,49.60009118914604,1.4918696070089936,16519.962524414062,0.0,24.0,0.0,2.0,0.050000000000000044,1.9417819306254387,1.9417819306254387,0.0
standard_dqn,819,569,59.34232119470835,77.85870588704944,24.866151817142963,34.47616934776306,1.362689033150673,13891.763938903809,0.0,20.0,0.0,1.0,0.050000000000000044,1.956950668245554,1.956950668245554,0.0
standard_dqn,819,570,73.9339689835906,76.80704913146793,28.138956300914288,45.79501235485077,1.442208300344646,15644.03590965271,0.0,23.0,0.0,1.0,0.050000000000000044,1.9247345887124538,1.9247345887124538,0.0
standard_dqn,819,571,81.78695567250251,77.86389042191207,29.630394756793976,52.1565604686737,1.4918353352695704,16644.842853546143,0.0,25.0,0.0,2.0,0.050000000000000044,1.962330611422658,1.962330611422658,0.0
standard_dqn,819,572,59.66520319133997,77.18560866840184,25.157773829996586,34.507429137825966,1.3853442268446088,14408.496097564697,0.0,20.0,0.0,0.0,0.050000000000000044,1.9732739701867104,1.9732739701867104,0.0
standard_dqn,819,573,90.3066531047225,77.07702983856201,31.780892424285412,58.525760889053345,1.5572150899097323,17894.177047729492,0.0,27.0,0.0,0.0,0.050000000000000044,1.7415553163737059,1.7415553163737059,0.0
standard_dqn,819,574,87.82362169772387,78.20903860531747,30.836848951876163,56.9867727458477,1.527947940863669,17414.99353981018,0.0,26.0,0.0,0.0,0.050000000000000044,1.5513100232928991,1.5513100232928991,0.0
standard_dqn,819,575,81.9969880208373,78.90496511362494,29.172108337283134,52.824879467487335,1.4928260743618011,16538.73373413086,0.0,24.0,0.0,0.0,0.050000000000000044,1.8304647710174322,1.8304647710174322,0.0
standard_dqn,819,576,77.41490412503481,78.95146189272404,28.495700664818287,48.919204011559486,1.4787567034363747,16087.167388916016,0.0,22.0,0.0,0.0,0.050000000000000044,2.055806554853916,2.055806554853916,0.0
standard_dqn,819,577,66.5807834982872,77.98652529217303,26.12510757148266,40.45567598640919,1.4022628162056208,14699.515888214111,0.0,21.0,0.0,3.0,0.050000000000000044,2.073885817080736,2.073885817080736,0.0
standard_dqn,819,578,78.02706078439951,78.19584291264415,27.560037784278393,50.46702307462692,1.4478017631918192,15531.684288024902,0.0,24.0,0.0,0.0,0.050000000000000044,2.1395213901996613,2.1395213901996613,0.0
standard_dqn,819,579,86.6546246945858,77.96977721706034,31.571820080280304,55.08280501663685,1.5345969181507826,17781.431213378906,0.0,25.0,0.0,1.0,0.050000000000000044,1.5136729218065739,1.5136729218065739,0.0
standard_dqn,819,580,63.099091961979866,77.1206904257089,26.038265570998192,37.06082667410374,1.4213586244732141,15005.697193145752,0.0,20.0,0.0,0.0,0.050000000000000044,1.6753555908799171,1.6753555908799171,0.0
standard_dqn,819,581,82.00654490441084,77.7606998371333,31.030639104545116,50.9759055763483,1.5361605985090137,17402.362049102783,0.0,24.0,0.0,3.0,0.050000000000000044,1.9335431009531021,1.9335431009531021,0.0
standard_dqn,819,582,93.81713054478169,78.44058040998877,30.25575241446495,63.56137818992138,1.5113959917798638,17244.605152130127,0.0,28.0,0.0,2.0,0.050000000000000044,2.082619609311223,2.082619609311223,0.0
standard_dqn,819,583,76.81770288199186,78.25536747775973,29.15522751957178,47.66247522830963,1.5007775174453855,16733.05414199829,0.0,21.0,0.0,0.0,0.050000000000000044,1.5448312871158123,1.5448312871158123,0.0
standard_dqn,819,584,73.28910428583622,77.3023033207655,27.819032788276672,45.47007195949554,1.4484168058261275,15873.126846313477,0.0,21.0,0.0,2.0,0.050000000000000044,2.0272444412112236,2.0272444412112236,0.0
standard_dqn,819,585,77.77840929478407,76.96789326272905,28.846144057810307,48.93226529657841,1.481210577301681,16221.037200927734,0.0,24.0,0.0,1.0,0.050000000000000044,1.8176222387701273,1.8176222387701273,0.0
standard_dqn,819,586,89.03228602558374,77.40731750443578,32.57111982256174,56.461166352033615,1.5785502921789885,18238.78832244873,0.0,27.0,0.0,0.0,0.050000000000000044,1.6482979841530323,1.6482979841530323,0.0
standard_dqn,819,587,85.4808775573969,78.18991898044943,29.963620118796825,55.51725777387619,1.49466666392982,16633.720050811768,0.0,25.0,0.0,1.0,0.050000000000000044,1.8530967943370342,1.8530967943370342,0.0
standard_dqn,819,588,95.80213196724654,79.03281821958721,33.47295182198286,62.32917987704277,1.5977369165048003,19035.50778388977,0.0,28.0,0.0,1.0,0.050000000000000044,1.5985407195985317,1.5985407195985317,0.0
standard_dqn,819,589,83.68974783271551,80.25018955148758,28.59769106656313,55.0920572578907,1.5067288083955646,16691.643924713135,0.0,26.0,0.0,1.0,0.050000000000000044,1.745106564834714,1.745106564834714,0.0
standard_dqn,819,590,84.11325325220824,80.75915376491847,29.94778858870268,54.165465199947356,1.523471025750041,16848.4133644104,0.0,24.0,0.0,2.0,0.050000000000000044,1.968970276415348,1.968970276415348,0.0
standard_dqn,819,591,60.435273142158984,79.69156963840128,24.59629161655903,35.838981413841246,1.363868652842939,13715.104335784912,0.0,18.0,0.0,1.0,0.050000000000000044,2.204078361392021,2.204078361392021,0.0
standard_dqn,819,592,83.37825725972652,80.87722234182061,29.930210545659065,53.44804644584656,1.5168109638616443,16839.79462814331,0.0,24.0,0.0,1.0,0.050000000000000044,1.5859687197953463,1.5859687197953463,0.0
standard_dqn,819,593,82.07419191300869,80.46559928223492,28.204518161714077,53.86967384815216,1.4893646920099854,16000.877475738525,0.0,24.0,0.0,1.0,0.050000000000000044,1.7178283222019672,1.7178283222019672,0.0
standard_dqn,819,594,79.15884924679995,80.03236065968872,29.384676918387413,49.77417255938053,1.5131006315350533,16870.77862930298,0.0,22.0,0.0,1.0,0.050000000000000044,2.2591196205466986,2.2591196205466986,0.0
standard_dqn,819,595,88.23614785075188,80.34431865118444,31.366078324615955,56.87006947398186,1.5709443474188447,18341.801025390625,0.0,25.0,0.0,3.0,0.050000000000000044,2.1449201181530952,2.1449201181530952,0.0
standard_dqn,819,596,55.93265300989151,79.27020609542728,25.14916593581438,30.78348696231842,1.3819301892071962,14211.093444824219,0.0,19.0,0.0,0.0,0.050000000000000044,1.743440542370081,1.743440542370081,0.0
standard_dqn,819,597,83.82222876101733,80.13227835856378,31.539312951266766,52.28291551172733,1.518333942629397,17660.333766937256,0.0,25.0,0.0,1.0,0.050000000000000044,1.8152145594358444,1.8152145594358444,0.0
standard_dqn,819,598,76.6258607134223,80.06221835501493,29.059525586664677,47.56633469462395,1.4949614917859435,16851.482955932617,0.0,23.0,0.0,0.0,0.050000000000000044,2.2129986602813005,2.2129986602813005,0.0
standard_dqn,819,599,79.72390670478345,79.71568245552481,29.332113720476627,50.391793051362036,1.4987089270725846,16410.642936706543,0.0,23.0,0.0,2.0,0.050000000000000044,1.9284085929393768,1.9284085929393768,0.0
